44
7 10
1 1 0 1 0 0 1
8 10
1 1 0 0 0 0 0 1
8 10
1 0 0 0 0 0 0 1
8 10
1 1 1 1 1 1 1 1
20 10
1 1 1 1 0 1 1 1 0 0 0 0 0 1 0 0 1 0 1 1 
20 3
1 1 1 1 0 1 1 1 0 0 0 0 0 1 0 0 1 0 1 1 
20 10
1 0 0 0 1 1 0 1 0 0 0 1 0 0 0 1 0 1 1 1 
20 3
1 0 0 0 1 1 0 1 0 0 0 1 0 0 0 1 0 1 1 1 
20 10
1 1 0 0 1 0 0 0 0 1 1 0 1 1 0 1 0 0 0 1 
20 3
1 1 0 0 1 0 0 0 0 1 1 0 1 1 0 1 0 0 0 1 
20 10
1 0 1 0 0 1 0 1 0 0 0 0 1 0 0 0 1 1 1 1 
20 3
1 0 1 0 0 1 0 1 0 0 0 0 1 0 0 0 1 1 1 1 
20 10
1 0 1 1 1 1 1 0 0 0 1 1 0 1 0 0 1 1 1 1 
20 3
1 0 1 1 1 1 1 0 0 0 1 1 0 1 0 0 1 1 1 1 
20 10
1 1 0 0 1 0 0 0 1 0 1 1 0 0 0 0 0 0 1 1 
20 3
1 1 0 0 1 0 0 0 1 0 1 1 0 0 0 0 0 0 1 1 
20 10
1 1 0 1 1 1 0 0 1 1 1 0 0 1 1 1 0 0 1 1 
20 3
1 1 0 1 1 1 0 0 1 1 1 0 0 1 1 1 0 0 1 1 
20 10
1 0 1 1 1 1 1 1 0 0 0 1 0 0 1 1 1 1 1 1 
20 3
1 0 1 1 1 1 1 1 0 0 0 1 0 0 1 1 1 1 1 1 
20 10
1 0 1 1 0 0 0 1 1 0 1 1 0 1 0 0 0 1 0 1 
20 3
1 0 1 1 0 0 0 1 1 0 1 1 0 1 0 0 0 1 0 1 
20 10
1 0 1 1 0 1 1 1 1 0 1 1 1 0 1 0 0 1 0 1 
20 3
1 0 1 1 0 1 1 1 1 0 1 1 1 0 1 0 0 1 0 1 
100 1000000
1 1 1 0 1 0 1 1 0 0 1 1 1 1 0 1 1 1 1 1 0 0 1 0 1 0 0 1 0 1 0 1 0 1 1 0 1 1 0 0 1 1 1 0 0 0 0 1 0 0 1 0 0 0 0 0 1 1 0 1 0 1 1 1 1 1 0 0 0 0 0 0 0 0 1 0 0 0 0 0 1 0 0 0 0 1 1 1 0 0 1 1 1 1 0 1 0 0 1 1 
100 100
1 1 1 0 1 0 1 1 0 0 1 1 1 1 0 1 1 1 1 1 0 0 1 0 1 0 0 1 0 1 0 1 0 1 1 0 1 1 0 0 1 1 1 0 0 0 0 1 0 0 1 0 0 0 0 0 1 1 0 1 0 1 1 1 1 1 0 0 0 0 0 0 0 0 1 0 0 0 0 0 1 0 0 0 0 1 1 1 0 0 1 1 1 1 0 1 0 0 1 1 
100 1000000
1 1 1 1 0 1 0 0 1 1 1 1 1 1 0 0 0 1 1 1 0 1 1 1 0 1 0 1 1 0 0 1 1 0 0 0 1 0 0 1 0 1 1 1 0 0 0 1 0 0 0 0 0 0 0 0 1 0 0 0 0 0 1 1 1 1 1 0 1 1 1 0 0 0 0 1 0 1 1 0 1 0 0 0 1 1 1 0 0 1 0 1 0 0 0 1 0 1 0 1 
100 100
1 1 1 1 0 1 0 0 1 1 1 1 1 1 0 0 0 1 1 1 0 1 1 1 0 1 0 1 1 0 0 1 1 0 0 0 1 0 0 1 0 1 1 1 0 0 0 1 0 0 0 0 0 0 0 0 1 0 0 0 0 0 1 1 1 1 1 0 1 1 1 0 0 0 0 1 0 1 1 0 1 0 0 0 1 1 1 0 0 1 0 1 0 0 0 1 0 1 0 1 
100 1000000
1 0 1 0 1 0 0 1 0 0 1 0 0 0 1 0 0 1 0 0 0 0 0 1 0 0 0 0 1 0 0 1 0 0 0 1 0 0 0 0 1 1 0 0 1 0 0 0 1 0 0 1 0 0 1 1 1 0 1 0 1 0 1 1 1 1 1 0 1 0 0 1 0 0 0 1 1 1 0 0 1 1 1 0 1 1 0 1 1 0 1 0 1 1 0 1 0 0 1 1 
100 100
1 0 1 0 1 0 0 1 0 0 1 0 0 0 1 0 0 1 0 0 0 0 0 1 0 0 0 0 1 0 0 1 0 0 0 1 0 0 0 0 1 1 0 0 1 0 0 0 1 0 0 1 0 0 1 1 1 0 1 0 1 0 1 1 1 1 1 0 1 0 0 1 0 0 0 1 1 1 0 0 1 1 1 0 1 1 0 1 1 0 1 0 1 1 0 1 0 0 1 1 
100 1000000
1 0 0 1 0 1 1 0 1 0 1 0 1 1 1 0 0 1 1 0 0 0 1 1 1 1 1 0 1 0 1 0 1 0 0 1 1 0 1 1 1 1 1 1 1 0 1 1 1 0 0 0 1 1 0 0 1 0 0 1 0 1 1 0 1 0 0 0 1 0 0 1 0 0 0 1 0 0 1 0 0 0 0 1 1 1 0 0 0 0 0 1 1 1 1 0 0 0 1 1 
100 100
1 0 0 1 0 1 1 0 1 0 1 0 1 1 1 0 0 1 1 0 0 0 1 1 1 1 1 0 1 0 1 0 1 0 0 1 1 0 1 1 1 1 1 1 1 0 1 1 1 0 0 0 1 1 0 0 1 0 0 1 0 1 1 0 1 0 0 0 1 0 0 1 0 0 0 1 0 0 1 0 0 0 0 1 1 1 0 0 0 0 0 1 1 1 1 0 0 0 1 1 
100 1000000
1 1 0 0 1 0 1 1 0 1 0 1 0 1 1 0 0 1 1 1 1 1 1 1 0 1 0 1 1 0 0 1 0 1 1 0 0 1 0 1 1 1 0 1 0 0 1 0 1 0 0 0 1 1 1 0 0 0 0 0 0 1 0 0 0 0 1 0 0 0 1 0 0 1 1 0 1 1 1 0 1 0 1 1 1 1 1 1 0 0 1 1 1 1 1 1 0 0 1 1 
100 100
1 1 0 0 1 0 1 1 0 1 0 1 0 1 1 0 0 1 1 1 1 1 1 1 0 1 0 1 1 0 0 1 0 1 1 0 0 1 0 1 1 1 0 1 0 0 1 0 1 0 0 0 1 1 1 0 0 0 0 0 0 1 0 0 0 0 1 0 0 0 1 0 0 1 1 0 1 1 1 0 1 0 1 1 1 1 1 1 0 0 1 1 1 1 1 1 0 0 1 1 
100 1000000
1 1 1 1 1 1 0 1 1 1 1 1 0 1 0 1 1 1 0 0 1 0 0 0 1 0 1 0 1 1 0 1 0 1 1 1 0 1 1 1 0 1 1 1 1 0 1 0 1 0 1 0 1 0 1 0 0 0 0 1 1 1 0 1 0 0 1 1 1 0 0 0 0 1 0 0 1 0 1 1 0 1 0 0 1 0 1 1 0 1 1 1 1 1 1 1 1 0 1 1 
100 100
1 1 1 1 1 1 0 1 1 1 1 1 0 1 0 1 1 1 0 0 1 0 0 0 1 0 1 0 1 1 0 1 0 1 1 1 0 1 1 1 0 1 1 1 1 0 1 0 1 0 1 0 1 0 1 0 0 0 0 1 1 1 0 1 0 0 1 1 1 0 0 0 0 1 0 0 1 0 1 1 0 1 0 0 1 0 1 1 0 1 1 1 1 1 1 1 1 0 1 1 
100 1000000
1 0 0 0 1 1 0 1 0 1 1 1 1 1 1 1 1 0 0 0 1 1 1 1 0 0 0 0 0 1 0 1 1 1 0 0 1 1 0 0 1 0 1 0 0 1 0 0 0 0 0 0 0 0 0 1 0 0 1 0 0 1 0 0 1 1 1 0 0 1 0 0 0 1 1 1 1 1 1 0 1 0 0 1 1 0 0 0 1 0 0 0 0 1 1 0 0 1 1 1 
100 100
1 0 0 0 1 1 0 1 0 1 1 1 1 1 1 1 1 0 0 0 1 1 1 1 0 0 0 0 0 1 0 1 1 1 0 0 1 1 0 0 1 0 1 0 0 1 0 0 0 0 0 0 0 0 0 1 0 0 1 0 0 1 0 0 1 1 1 0 0 1 0 0 0 1 1 1 1 1 1 0 1 0 0 1 1 0 0 0 1 0 0 0 0 1 1 0 0 1 1 1 
100 1000000
1 0 0 0 0 0 1 0 1 0 1 0 0 0 0 1 1 1 1 0 0 0 1 1 0 1 1 0 1 1 0 0 1 0 1 1 0 1 0 0 0 1 0 1 0 0 1 1 1 0 0 0 0 0 1 1 0 0 1 1 0 1 0 0 0 1 1 0 0 0 0 1 0 0 0 0 1 1 1 1 0 1 0 0 0 0 1 0 1 1 0 0 0 0 1 0 0 1 0 1 
100 100
1 0 0 0 0 0 1 0 1 0 1 0 0 0 0 1 1 1 1 0 0 0 1 1 0 1 1 0 1 1 0 0 1 0 1 1 0 1 0 0 0 1 0 1 0 0 1 1 1 0 0 0 0 0 1 1 0 0 1 1 0 1 0 0 0 1 1 0 0 0 0 1 0 0 0 0 1 1 1 1 0 1 0 0 0 0 1 0 1 1 0 0 0 0 1 0 0 1 0 1 
100 1000000
1 1 1 0 1 0 1 1 0 1 0 0 0 0 1 1 1 0 1 1 0 0 0 0 1 0 0 1 0 0 1 1 0 0 0 0 0 1 0 1 0 0 1 1 1 1 1 0 1 1 1 0 1 1 1 0 0 1 0 0 0 0 1 0 1 1 0 0 0 1 1 1 1 0 0 1 0 0 0 0 0 1 1 0 1 0 1 0 0 1 0 0 0 1 0 1 0 1 1 1 
100 100
1 1 1 0 1 0 1 1 0 1 0 0 0 0 1 1 1 0 1 1 0 0 0 0 1 0 0 1 0 0 1 1 0 0 0 0 0 1 0 1 0 0 1 1 1 1 1 0 1 1 1 0 1 1 1 0 0 1 0 0 0 0 1 0 1 1 0 0 0 1 1 1 1 0 0 1 0 0 0 0 0 1 1 0 1 0 1 0 0 1 0 0 0 1 0 1 0 1 1 1 
100 1000000
1 1 0 0 0 1 1 1 0 1 0 0 1 1 0 0 1 1 1 1 1 0 1 1 1 1 0 0 1 0 1 1 1 1 0 1 0 1 1 0 0 0 0 0 1 0 1 1 1 1 1 1 0 1 1 0 0 0 1 0 0 1 1 1 0 0 0 1 1 0 0 1 0 0 1 1 0 0 0 0 1 0 1 0 0 1 0 0 1 1 1 0 1 1 1 1 1 0 0 1 
100 100
1 1 0 0 0 1 1 1 0 1 0 0 1 1 0 0 1 1 1 1 1 0 1 1 1 1 0 0 1 0 1 1 1 1 0 1 0 1 1 0 0 0 0 0 1 0 1 1 1 1 1 1 0 1 1 0 0 0 1 0 0 1 1 1 0 0 0 1 1 0 0 1 0 0 1 1 0 0 0 0 1 0 1 0 0 1 0 0 1 1 1 0 1 1 1 1 1 0 0 1 
