2
1000 2500
2
1
4
4
3
4
1
2
1
2
1
1
1
3
3
1
3
4
2
1
1
4
4
2
2
1
3
1
4
4
3
1
1
2
1
1
2
4
3
4
4
2
1
1
2
4
4
2
3
1
2
3
2
3
1
4
3
2
2
3
4
4
4
3
4
1
1
2
2
1
1
3
1
2
2
3
3
2
3
1
3
1
4
1
4
2
1
3
3
4
3
3
3
3
3
2
3
4
4
2
3
1
3
3
1
4
4
3
3
3
4
3
4
4
1
2
3
2
2
1
4
3
4
4
2
3
4
1
3
2
1
2
2
1
4
3
3
3
2
4
2
1
3
4
1
2
1
3
3
1
2
1
1
3
2
3
4
2
2
1
3
2
1
1
2
2
1
4
3
2
2
2
4
2
3
3
2
3
4
3
1
4
2
1
3
1
4
3
1
3
3
1
3
2
1
4
4
2
3
1
2
3
2
3
2
1
1
1
3
4
1
3
4
4
2
2
4
3
4
1
2
1
1
3
3
1
3
3
2
3
3
3
2
1
3
4
4
1
2
1
1
3
2
2
4
3
2
3
3
2
4
1
2
2
1
3
4
3
3
1
2
3
4
2
2
4
1
4
4
4
3
4
3
2
1
1
2
3
2
4
4
3
1
2
1
1
3
3
1
4
3
3
3
4
1
1
3
4
3
1
4
1
3
1
1
3
3
4
1
3
1
3
4
4
3
1
3
2
2
4
3
4
1
4
2
1
1
4
3
1
2
3
3
4
1
1
4
4
4
2
1
3
4
2
2
3
2
1
1
1
4
4
1
3
3
1
2
1
1
4
1
3
3
3
2
1
4
3
3
3
3
3
2
2
3
1
2
3
1
3
2
2
3
3
3
1
3
2
3
2
1
1
1
2
4
1
3
4
1
1
2
2
2
1
1
2
2
1
1
3
2
2
3
1
4
1
1
2
1
2
2
3
1
2
4
3
1
4
1
2
4
4
2
4
3
1
1
2
1
1
1
1
3
3
2
3
3
4
4
3
3
1
2
4
4
4
1
4
4
4
1
1
1
2
2
4
3
2
3
2
3
3
1
4
1
1
1
2
3
3
3
2
3
4
3
1
4
2
1
2
3
3
1
2
3
3
2
4
2
2
2
2
2
4
2
4
4
1
4
3
2
4
2
4
3
3
1
2
3
1
2
2
4
3
4
2
4
3
2
3
3
1
2
2
4
2
2
1
3
3
2
3
2
4
2
2
1
1
1
4
2
1
2
2
1
4
2
3
2
4
3
1
4
4
3
3
2
1
4
3
4
2
3
4
4
2
2
2
2
3
2
1
1
1
1
4
2
3
4
2
2
1
4
2
3
3
2
3
3
1
1
2
1
3
3
4
4
3
2
2
1
4
4
2
3
1
1
2
1
3
1
4
4
4
2
2
1
1
2
3
1
4
4
2
3
1
3
1
2
2
3
1
4
1
4
3
2
3
4
2
1
1
1
4
3
1
3
2
2
3
3
4
2
1
1
3
2
1
1
1
1
4
4
2
1
2
1
1
4
4
2
3
1
1
1
1
1
2
2
4
2
4
2
4
4
2
4
2
2
2
4
2
3
4
1
3
1
2
4
2
2
3
1
1
2
2
4
1
4
4
4
1
1
1
2
1
4
4
2
1
2
1
1
2
2
3
3
3
4
1
3
4
4
2
3
3
4
1
2
3
1
2
3
2
2
1
3
1
1
2
2
1
4
2
2
4
3
1
1
2
2
1
4
1
2
1
3
3
3
1
3
3
4
1
2
1
2
1
2
2
2
4
4
3
2
4
2
4
2
1
3
4
3
3
2
3
3
1
2
4
2
3
4
1
1
4
1
4
1
1
2
2
2
4
1
1
1
4
2
2
2
3
1
1
2
2
2
1
4
2
2
2
3
3
4
1
3
1
1
1
3
4
3
3
2
4
4
1
1
1
1
2
1
1
4
1
4
3
3
3
2
3
2
1
4
4
4
3
4
4
1
2
4
2
2
4
3
4
1
1
1
4
3
4
1
4
3
4
1
1
1
4
2
4
3
2
2
2
3
3
2
2
1
1
3
4
2
1
2
1
1
3
2
4
4
4
3
3
3
2
1
2
1
2
3
3
3
3
4
2
1
1
2
3
1
4
1
2
3
2
2
2
3
2
1
2
1
2
3
4
2
4
4
2
1
4
4
1
1
1
4
4
2
1
4
2
2
2
2
4
1
3
1
1
3
2
4
2
1
3
1
3
2
4
1
3
4
2
4
1
0 274
0 287
0 376
1 16
1 441
1 776
2 803
3 462
3 557
3 609
5 248
5 496
5 590
5 632
5 853
5 857
5 914
7 440
7 509
7 570
8 188
8 202
8 531
9 212
9 499
9 840
10 91
11 751
11 819
12 26
12 499
13 325
13 376
13 696
13 792
13 884
14 356
14 422
14 432
14 808
14 903
15 411
15 433
15 474
15 612
15 952
16 127
16 346
16 793
17 172
17 242
17 661
17 788
17 929
18 352
19 87
19 158
19 751
20 99
21 92
21 323
21 448
21 723
21 865
23 425
23 864
23 925
24 52
24 99
24 258
24 525
24 695
25 870
28 85
28 293
28 626
29 279
30 416
30 554
30 877
32 429
33 152
33 373
33 502
34 30
34 60
34 181
34 620
35 347
35 661
37 319
37 603
38 147
38 683
39 234
39 235
40 109
40 288
40 395
40 427
40 463
40 846
41 456
42 287
42 723
46 464
46 954
48 22
48 131
48 162
48 476
48 851
49 234
49 291
49 528
49 721
50 325
50 719
51 851
52 717
52 903
53 50
53 623
53 626
53 771
53 798
53 956
54 147
54 394
54 838
54 951
55 359
56 107
56 137
56 150
56 337
56 461
56 665
56 912
57 162
57 247
57 307
57 358
57 702
57 979
60 242
60 538
60 557
60 839
60 953
62 573
62 574
62 936
63 46
63 396
63 412
63 741
64 287
64 587
64 815
65 58
65 256
65 286
65 404
65 521
65 626
65 765
66 662
66 758
67 632
69 128
69 238
69 368
69 421
69 480
70 248
70 816
72 129
72 165
72 300
72 606
73 58
73 183
73 270
73 487
73 578
73 657
73 659
73 715
73 749
73 859
73 947
73 980
74 38
74 248
74 571
74 671
74 941
74 978
76 515
77 52
77 910
78 416
78 476
79 182
79 297
79 834
80 108
80 162
80 697
80 760
82 472
82 988
84 187
84 189
84 782
84 792
84 846
85 779
88 501
88 999
90 576
91 19
93 563
93 756
94 404
95 29
95 285
95 448
95 892
98 346
98 843
99 346
99 429
99 793
100 123
100 202
100 380
100 406
100 487
101 159
101 274
101 329
101 591
101 976
102 108
102 241
102 622
103 479
103 912
103 922
104 292
106 145
106 297
106 346
106 410
107 1
107 141
107 441
108 783
109 67
109 502
109 601
109 611
109 674
109 770
109 839
110 38
110 280
110 529
110 704
110 788
110 942
112 54
112 179
112 484
112 533
112 590
112 862
112 947
113 59
113 482
113 554
113 749
113 864
113 877
115 83
115 177
115 517
115 649
115 672
115 678
115 743
116 292
116 483
116 621
116 820
116 878
117 330
117 990
118 99
119 736
120 361
120 480
120 619
120 637
120 799
120 822
121 428
121 713
121 995
122 90
122 165
122 690
123 277
123 365
123 969
124 376
124 717
124 761
125 236
125 354
125 384
125 451
125 463
125 577
125 698
128 315
128 434
128 448
128 644
130 13
130 723
130 803
131 861
132 424
132 470
132 758
133 543
133 560
133 725
133 922
134 467
135 988
136 31
136 587
137 990
138 729
138 925
139 88
139 392
139 687
140 113
140 565
140 778
140 790
142 274
142 286
142 564
143 384
143 512
144 376
145 5
145 279
145 601
145 684
145 700
145 799
145 860
146 394
146 918
148 522
148 561
148 607
148 865
149 527
149 710
149 726
151 282
152 332
152 483
153 107
153 291
153 352
153 610
153 667
153 807
155 68
155 637
155 701
155 765
155 879
155 979
156 87
156 452
156 533
156 558
156 775
156 826
157 644
157 646
157 779
157 988
159 509
159 632
161 208
161 340
161 399
161 686
161 864
163 362
163 879
164 459
164 819
164 850
164 869
164 915
165 930
167 966
168 80
168 146
168 635
168 671
168 962
169 43
169 574
172 121
172 591
172 802
174 298
174 400
174 429
175 683
175 689
175 798
175 935
177 991
178 22
178 68
178 418
178 817
179 539
180 4
180 315
180 406
180 861
180 868
180 908
182 307
182 768
183 286
183 583
184 302
184 331
184 381
184 727
184 824
184 843
185 448
186 285
186 292
187 300
187 679
187 714
189 134
189 428
189 536
189 719
189 884
190 150
190 634
190 996
191 111
191 374
191 786
192 166
192 644
192 701
193 34
193 84
193 988
194 390
194 786
194 826
195 92
195 133
195 314
195 518
196 131
196 761
198 26
198 67
198 131
199 810
200 244
200 457
200 467
200 478
200 489
200 596
201 36
201 266
202 536
202 953
203 96
203 574
203 713
204 969
205 360
205 669
205 773
206 257
206 374
206 846
206 910
207 307
207 566
208 43
208 323
208 559
208 743
208 767
208 934
209 286
209 843
210 107
210 130
210 545
210 635
210 651
210 675
210 803
210 943
213 36
213 316
213 418
213 877
213 919
214 4
214 216
214 599
214 835
215 118
215 410
215 629
215 814
215 975
216 282
216 587
216 722
216 798
217 6
217 96
217 598
217 654
217 973
218 22
219 126
220 381
220 662
221 305
222 58
222 316
222 591
222 697
222 833
223 29
223 198
223 306
223 385
223 511
223 660
223 743
223 891
224 244
224 250
224 255
224 351
224 511
224 628
224 667
224 973
225 122
225 580
225 700
225 768
226 365
226 641
227 398
227 576
227 588
227 707
227 927
228 27
228 302
228 443
228 615
228 623
228 825
228 851
228 898
229 183
229 637
230 370
230 814
230 840
230 894
230 929
231 350
231 821
233 88
233 303
233 448
233 770
236 36
236 758
237 141
238 52
238 148
238 851
239 344
239 824
240 418
240 833
240 835
241 801
242 70
242 358
242 463
243 597
243 599
243 749
244 971
244 995
245 19
245 55
245 164
245 232
245 351
245 751
245 979
246 637
246 641
246 779
247 950
249 86
250 111
250 594
250 840
251 281
254 61
255 88
255 191
255 413
255 894
257 271
257 491
257 536
257 930
258 70
258 129
259 355
259 624
259 628
259 830
259 865
259 938
261 137
261 379
261 569
263 935
264 217
264 513
264 571
264 700
265 71
268 282
268 713
269 106
269 158
269 395
269 417
269 605
269 641
269 817
269 825
271 362
272 11
272 24
272 254
272 523
273 167
274 334
275 31
275 205
275 390
275 490
275 761
276 134
276 174
276 538
276 576
276 651
276 750
276 830
276 952
278 4
280 286
281 749
282 432
282 437
282 768
282 790
283 365
283 404
283 583
283 634
283 755
283 833
284 399
285 44
285 127
285 832
287 158
288 533
289 351
289 827
289 982
290 665
290 973
291 180
291 766
293 428
293 437
293 719
293 763
294 26
294 990
295 22
295 131
295 499
295 550
295 606
295 689
295 772
296 346
296 520
296 669
296 724
296 920
297 26
297 258
297 334
298 679
299 1
299 167
299 171
299 444
299 754
299 828
300 292
300 480
300 880
301 183
301 657
301 753
302 292
302 720
304 28
304 761
304 808
305 147
305 925
305 956
305 999
308 468
308 578
308 613
308 682
308 884
309 113
309 452
309 572
309 653
309 861
310 99
310 127
310 462
310 645
311 910
312 116
312 258
312 630
312 664
313 169
313 783
316 80
316 333
316 681
316 694
316 813
316 891
316 989
317 28
317 66
317 290
317 378
317 396
317 742
317 980
318 550
318 711
319 482
319 536
319 580
319 594
319 606
319 614
319 661
319 694
320 61
320 417
320 810
321 260
321 698
321 710
321 756
321 979
322 2
322 157
322 282
322 410
322 448
322 972
323 253
323 701
324 202
324 490
324 821
327 197
328 644
329 991
330 162
331 724
332 98
332 315
333 70
333 173
333 376
333 434
335 427
336 166
336 605
337 25
337 90
337 281
337 315
337 502
337 633
337 751
338 88
338 147
338 395
338 517
338 943
339 39
339 211
339 378
339 518
339 551
339 688
339 746
339 790
340 425
340 879
341 699
341 720
341 842
341 908
342 20
342 780
342 781
343 0
344 898
345 3
345 43
345 334
345 835
345 868
347 248
347 505
347 600
347 637
347 645
348 186
348 189
348 826
348 953
352 23
352 118
352 196
352 347
352 950
353 162
354 413
355 42
355 497
355 779
357 384
357 582
357 681
357 691
357 828
358 218
359 196
359 968
360 127
363 72
363 807
364 996
365 325
365 824
365 940
366 36
366 98
366 489
366 531
366 617
366 698
366 862
366 902
367 30
367 622
367 635
367 729
368 418
368 723
368 792
369 226
369 257
369 620
369 747
369 823
369 969
369 984
370 441
370 765
371 376
371 566
371 699
371 710
371 903
371 908
372 813
373 252
373 513
373 554
373 744
373 903
373 976
374 0
374 39
374 254
375 575
375 729
375 850
375 865
375 931
375 944
376 749
376 804
377 279
377 293
377 332
377 852
378 333
378 496
378 678
378 916
379 303
380 234
380 580
380 584
380 626
380 641
380 713
381 337
381 407
381 527
382 247
383 263
383 442
383 483
383 505
383 544
383 632
383 749
384 260
384 779
385 407
385 428
385 441
385 454
385 968
386 105
386 322
386 391
386 861
386 939
386 995
387 219
387 702
388 199
389 94
389 242
389 696
389 810
391 36
391 330
391 335
391 671
391 733
391 953
392 338
393 314
393 628
394 413
396 2
396 294
396 543
397 282
399 68
400 63
400 542
401 788
402 67
402 148
402 579
402 857
403 179
403 373
403 788
404 940
405 2
405 34
405 68
405 128
405 210
405 291
405 487
405 495
405 751
405 797
405 893
406 398
406 456
406 521
406 690
408 144
408 389
408 700
408 815
408 918
410 454
411 66
411 689
411 756
411 966
413 311
413 906
414 576
414 748
414 815
414 904
415 407
415 793
417 89
417 122
417 128
417 234
417 641
417 737
418 467
418 822
418 861
418 971
419 15
419 67
419 720
419 874
420 799
420 830
421 995
422 533
423 92
423 186
424 23
424 407
425 356
426 737
426 854
426 927
427 328
427 930
428 43
428 127
428 509
430 100
430 497
430 581
430 668
430 759
431 143
431 688
431 807
432 97
432 137
432 881
433 5
433 597
433 897
433 930
434 237
434 590
434 916
435 108
435 286
435 412
435 608
435 789
436 147
436 491
436 561
436 688
436 720
436 960
437 554
438 152
438 504
438 505
438 609
438 777
438 880
441 286
441 719
441 723
441 898
442 107
442 141
443 182
443 786
443 836
444 591
444 697
444 822
445 784
445 990
446 586
446 628
447 77
447 131
447 154
447 181
447 203
447 706
447 778
447 851
447 947
448 783
449 141
449 248
449 487
449 541
449 573
449 586
450 198
450 237
450 735
450 980
451 350
452 425
452 517
452 620
453 77
453 127
453 199
453 343
453 558
454 267
454 891
455 669
456 843
457 565
457 622
457 677
457 917
458 802
459 251
460 476
460 538
461 427
462 235
463 256
463 881
464 217
465 439
465 999
466 149
468 43
469 121
469 202
469 334
469 624
469 707
469 796
469 902
470 30
470 353
470 390
470 422
470 451
470 565
470 620
471 580
472 328
472 399
472 464
472 550
472 595
472 878
472 922
474 185
474 420
474 881
475 581
475 727
475 973
477 231
477 286
477 409
477 455
477 555
477 710
478 3
478 126
478 569
479 600
479 609
479 875
480 632
481 45
481 996
482 462
482 499
484 78
484 511
484 838
484 910
485 577
485 582
486 160
486 761
487 79
487 594
487 943
489 177
489 331
489 528
489 644
489 651
489 769
489 828
490 219
490 644
491 158
491 181
491 600
492 87
493 49
493 114
493 134
493 181
493 246
493 250
493 383
493 415
493 473
493 556
493 738
494 42
494 319
494 709
494 726
494 785
495 158
495 850
496 432
496 744
496 911
496 916
497 799
498 497
498 759
498 797
499 999
500 336
500 344
500 363
500 530
500 737
500 780
500 947
503 175
503 431
503 465
505 128
505 265
505 413
506 39
506 144
506 208
506 454
506 509
506 717
506 734
508 216
508 342
508 517
508 529
508 798
508 921
508 994
509 710
509 834
510 166
510 544
510 910
511 307
511 881
514 131
514 305
514 353
514 417
514 951
515 265
516 771
517 828
518 585
518 918
519 156
519 502
519 682
520 89
520 550
520 644
520 697
520 984
520 988
523 109
523 284
523 723
523 865
524 50
524 128
524 330
524 558
524 591
524 615
524 849
525 61
526 41
526 826
527 126
527 298
527 502
527 778
528 177
528 644
530 699
530 744
530 868
531 31
532 37
532 57
532 364
532 388
532 473
532 533
532 553
532 922
534 427
534 476
534 501
534 603
534 698
534 831
534 873
535 11
535 111
535 153
535 248
535 322
535 580
535 677
535 761
535 793
537 88
537 706
537 818
538 61
538 440
538 608
539 9
539 488
539 576
539 892
540 804
540 991
542 398
543 271
543 912
544 6
544 954
545 147
545 892
546 416
547 573
547 943
547 984
548 451
548 788
548 868
549 47
549 262
549 280
549 987
550 507
550 637
551 290
551 611
551 729
551 902
551 968
552 329
552 419
552 848
552 890
553 130
553 507
553 608
553 617
553 621
553 741
555 59
555 199
555 722
555 773
555 784
556 39
556 175
556 325
557 743
558 111
558 211
559 129
559 188
559 456
559 741
559 816
559 981
560 717
561 177
561 440
561 720
562 58
562 67
562 207
562 286
562 333
562 359
562 697
562 887
562 981
563 47
565 99
565 512
567 71
567 587
568 751
568 857
569 90
569 438
569 634
571 126
571 358
571 468
571 969
572 463
572 483
572 835
573 594
574 105
575 376
575 910
575 911
577 122
577 191
577 305
577 707
578 16
578 46
578 850
579 114
579 218
579 706
579 883
579 973
580 88
580 427
580 495
581 644
581 678
581 742
581 966
581 972
581 974
582 39
582 43
582 154
584 111
584 336
585 77
585 876
586 47
586 96
586 211
586 274
588 991
589 906
591 878
592 135
592 447
592 674
592 992
593 46
593 316
593 592
593 603
593 744
594 281
594 876
595 682
596 370
596 524
596 721
596 990
597 267
597 330
599 600
599 884
601 517
601 741
601 902
602 116
602 144
602 566
602 812
603 45
603 140
603 513
603 632
603 681
603 966
604 254
605 279
605 404
605 832
606 205
606 843
607 86
607 779
607 959
608 160
608 522
609 303
609 743
610 254
610 496
610 521
610 690
610 799
610 835
611 529
611 968
611 988
612 358
612 543
612 555
612 661
612 730
612 739
613 12
613 262
613 294
613 301
614 199
614 265
615 171
615 777
616 288
616 527
616 580
617 181
617 271
617 333
617 355
617 356
617 763
617 974
618 572
619 230
619 413
622 292
622 541
622 828
622 959
623 632
623 861
624 263
624 751
624 886
625 347
626 395
627 625
628 71
628 565
628 683
629 557
631 940
632 20
634 197
634 467
634 870
635 399
635 445
635 679
635 715
637 690
639 90
639 259
639 318
639 629
639 743
639 755
640 23
640 464
640 791
642 328
642 435
642 696
642 988
643 119
643 189
643 390
645 591
645 799
647 394
647 672
647 741
648 85
648 218
648 596
648 647
650 378
650 428
650 970
650 982
651 249
651 811
652 246
652 254
652 735
652 951
652 956
653 677
653 969
653 989
654 954
655 630
657 860
658 375
658 736
659 233
659 505
659 896
661 394
663 86
663 313
664 275
664 847
664 943
665 720
666 141
666 529
666 960
668 295
668 310
668 617
668 674
668 918
670 661
670 989
671 407
671 496
671 699
671 799
672 686
672 834
673 156
673 255
674 881
675 38
675 181
675 758
675 817
675 882
676 29
676 372
676 701
676 758
677 122
677 496
677 509
677 539
677 564
677 581
677 608
677 611
678 307
678 824
678 880
678 910
681 398
681 429
682 529
683 598
683 636
683 813
683 828
684 384
684 429
684 561
684 584
684 737
684 883
685 109
685 126
685 421
685 628
685 709
685 814
685 888
686 455
687 144
687 325
687 355
687 452
687 679
688 356
688 511
688 694
689 376
689 434
689 763
691 95
691 251
692 128
692 232
692 327
693 507
693 780
695 314
695 336
695 773
695 865
696 177
696 219
697 31
697 511
697 828
697 925
697 999
698 225
698 557
699 159
699 482
699 571
699 798
701 385
701 404
701 709
702 594
702 829
702 912
703 12
704 256
704 507
704 789
704 941
705 243
705 625
705 637
705 710
705 957
706 346
706 783
706 892
707 68
707 137
708 8
708 347
708 451
708 533
708 798
708 811
708 835
708 896
708 957
709 440
711 36
711 851
711 898
711 989
712 234
712 747
712 804
712 906
713 209
713 252
714 395
715 36
715 597
716 71
716 127
717 749
718 473
721 404
721 605
721 730
722 418
724 798
725 13
725 60
725 653
725 743
725 792
727 160
728 75
728 163
728 180
728 688
728 718
729 789
731 158
731 416
731 429
731 459
733 75
733 980
734 307
734 350
734 636
735 456
736 810
737 767
738 2
738 229
738 504
738 597
738 675
738 678
738 936
738 979
739 134
739 217
739 380
739 464
739 621
741 395
741 752
741 789
742 83
742 262
742 486
742 786
742 842
743 303
744 330
744 598
744 799
745 293
745 512
745 965
746 145
746 189
746 409
746 815
746 832
746 833
747 252
748 86
748 511
749 991
750 31
750 305
750 314
750 467
750 751
750 824
751 165
751 344
752 522
752 810
753 127
754 252
754 282
754 464
754 548
755 315
756 171
756 274
757 144
757 666
757 684
757 702
759 77
759 325
759 830
760 528
760 934
762 451
762 785
763 707
764 53
764 269
764 515
764 809
764 945
764 965
765 211
765 315
765 406
765 554
768 486
769 756
770 13
770 47
770 468
770 808
770 834
771 340
771 990
772 189
772 205
773 70
773 507
773 935
774 330
774 702
774 891
774 946
775 332
776 199
776 440
776 763
776 990
777 262
777 716
777 839
777 894
779 906
781 27
781 88
782 194
782 662
782 799
783 266
783 512
783 723
784 162
784 292
784 884
784 995
785 346
785 356
785 440
786 147
787 151
787 633
787 755
787 910
788 127
788 356
789 58
789 499
790 767
791 71
791 487
791 842
792 727
792 870
793 884
794 479
794 883
795 11
795 19
795 189
795 510
795 609
795 752
795 973
796 953
797 186
797 989
798 464
800 279
800 620
800 761
801 29
801 127
801 160
801 799
801 968
802 379
803 525
803 990
805 218
805 354
805 581
805 727
806 311
806 393
806 576
806 623
806 667
806 769
808 455
808 590
808 669
809 22
809 59
809 81
809 644
809 672
812 237
812 305
812 333
813 816
814 186
814 287
815 137
815 389
817 303
817 621
817 682
818 54
818 176
818 260
818 328
818 930
818 973
819 398
819 422
819 922
820 39
820 384
820 499
820 587
820 632
821 266
821 328
821 792
822 483
822 588
823 47
823 491
823 580
823 771
824 512
824 940
825 304
825 622
827 751
827 755
827 781
829 964
829 991
830 61
830 98
830 265
831 330
834 991
835 248
837 70
837 270
838 167
839 129
839 271
839 766
841 230
841 412
844 462
844 814
844 843
845 647
845 837
845 876
846 26
847 12
847 347
847 517
847 625
848 5
848 150
848 420
849 154
849 557
851 141
851 335
851 984
852 277
852 631
852 700
852 761
853 216
853 756
853 877
855 5
855 390
856 82
856 590
856 618
856 945
858 615
858 670
859 454
860 819
862 736
862 832
863 253
863 539
864 976
865 183
865 374
866 246
866 302
866 305
866 440
866 512
866 956
867 720
867 807
868 251
869 203
869 364
869 389
869 855
871 36
871 46
871 274
871 626
872 501
872 771
873 78
873 141
873 509
873 709
874 448
874 577
877 32
877 219
877 697
877 935
879 167
879 810
880 996
882 248
883 399
883 502
883 605
884 600
885 356
885 360
885 546
885 667
886 108
886 142
887 356
887 392
888 57
888 145
888 156
888 867
888 925
889 300
889 328
889 556
889 671
890 104
890 198
890 300
890 365
890 398
890 553
890 934
892 121
892 305
892 707
893 235
893 271
893 437
893 472
893 660
893 837
894 681
895 59
895 263
895 607
895 629
896 790
897 99
897 241
897 432
897 443
897 721
899 196
899 334
899 486
899 567
899 934
900 88
900 92
900 123
900 564
900 872
900 964
901 595
901 940
902 550
905 281
905 358
905 561
905 727
907 96
907 150
907 253
907 401
907 435
907 674
907 709
907 910
908 803
909 451
909 914
911 162
911 199
911 455
912 758
913 89
913 384
913 451
913 878
914 353
914 766
914 964
915 471
915 581
918 735
919 183
919 984
920 398
920 542
920 559
920 733
920 868
921 440
922 165
922 637
922 811
923 139
923 475
923 879
924 173
924 779
924 830
924 874
924 952
927 353
927 565
928 345
928 367
928 575
928 621
929 678
929 998
930 131
930 361
931 344
931 623
931 842
931 992
932 270
932 654
932 683
933 416
933 578
933 707
933 899
935 416
936 86
936 109
936 311
936 571
936 860
936 973
937 42
937 109
937 270
937 454
937 660
937 763
938 329
938 842
939 28
939 557
939 694
939 933
941 2
941 48
941 297
941 513
941 572
941 722
941 726
941 751
942 512
942 679
942 749
943 325
943 495
943 820
945 406
945 597
945 800
946 462
946 591
946 811
947 396
947 509
947 734
948 119
948 599
948 828
949 9
949 218
949 413
949 463
949 539
949 540
949 940
950 36
950 674
951 96
951 175
951 513
951 595
951 956
952 46
952 521
952 799
952 974
953 85
953 370
955 177
955 484
955 778
955 944
956 219
956 512
957 882
958 41
958 166
958 451
958 637
958 798
959 253
959 953
961 63
961 146
961 656
961 857
961 927
962 172
962 546
962 598
962 627
962 631
962 846
962 877
963 290
963 625
963 694
963 775
963 779
963 954
964 173
965 442
965 464
965 578
965 718
965 823
966 351
967 182
967 298
967 321
967 573
967 615
968 398
971 158
971 598
971 646
972 350
972 390
974 260
974 271
974 729
974 877
975 550
975 596
976 292
976 513
977 187
978 63
978 214
978 752
978 947
979 219
981 356
982 143
982 177
982 267
982 349
983 29
983 226
983 304
983 334
983 396
984 605
984 902
985 26
985 119
985 258
985 531
985 561
985 901
986 233
986 590
986 683
986 688
986 812
987 5
987 85
987 566
987 572
987 609
987 756
987 779
987 946
988 297
989 71
992 107
992 399
992 512
992 597
992 917
992 918
992 968
992 973
993 632
993 875
994 683
994 999
997 47
997 48
997 283
997 629
997 834
998 334
998 370
999 804
1000 2500
4
4
4
1
1
3
2
4
1
1
2
4
4
4
3
4
3
4
2
3
1
1
3
3
4
3
3
1
4
1
4
2
1
2
2
1
3
1
1
4
3
3
3
4
4
3
3
1
2
1
2
1
2
1
1
3
2
2
2
3
4
2
4
4
1
4
2
2
2
2
3
2
3
4
3
3
2
4
4
2
2
2
3
3
4
3
1
1
2
2
2
4
2
3
1
2
2
3
4
1
2
3
1
2
1
3
4
4
3
2
3
3
2
4
4
3
3
3
2
2
4
2
2
1
4
3
3
4
2
3
4
4
2
3
1
1
4
1
1
1
3
3
3
4
1
3
2
4
3
4
1
4
3
4
3
4
4
2
2
2
2
2
3
4
3
3
1
1
2
1
3
1
1
3
4
1
4
2
3
2
4
2
4
4
1
1
3
2
3
2
3
1
2
3
4
2
1
2
1
3
1
4
1
4
3
3
2
2
3
2
2
1
1
3
2
3
4
4
4
4
1
1
1
3
2
4
3
4
4
2
3
4
2
1
3
2
3
3
2
4
2
2
4
1
3
4
3
3
1
1
2
1
2
3
1
1
2
2
1
4
4
3
1
2
1
1
1
3
2
2
3
1
4
3
3
2
2
4
4
2
3
2
3
4
1
1
1
4
1
4
1
1
4
2
3
3
1
4
4
4
4
1
1
2
2
1
2
1
2
4
4
3
4
1
1
3
4
2
3
2
1
3
3
3
2
3
3
2
4
1
3
3
1
3
1
4
1
3
2
4
3
3
3
1
2
2
3
1
1
3
3
4
4
2
4
1
4
1
3
2
4
1
3
1
1
1
2
1
3
1
1
4
1
3
1
2
2
2
2
2
1
4
3
3
2
2
2
1
3
1
2
1
2
3
2
3
3
2
4
3
4
4
2
2
3
4
3
1
4
1
1
1
4
4
1
2
1
2
4
2
2
2
1
2
2
4
2
3
4
3
4
4
2
4
1
4
2
3
4
2
4
2
4
4
1
4
1
4
4
3
3
4
3
1
3
1
4
3
3
3
4
4
1
2
3
4
3
3
2
4
1
1
2
1
3
2
2
3
1
3
2
1
1
3
4
1
4
2
3
1
3
1
3
4
3
4
1
1
3
4
3
2
1
2
1
4
3
4
1
2
3
2
4
3
1
3
2
4
4
1
1
2
4
3
1
3
3
2
2
3
1
2
4
2
4
1
2
4
3
4
3
4
2
1
2
2
3
4
1
3
4
2
4
1
2
3
1
3
4
4
2
1
2
4
3
3
2
2
1
4
4
3
4
2
3
4
4
1
4
3
1
4
3
1
1
2
3
3
4
1
2
1
3
3
4
4
2
2
4
1
2
2
1
1
3
4
1
2
1
1
3
2
2
3
2
3
3
3
1
2
2
4
1
4
4
2
2
1
2
3
1
3
1
2
2
3
2
1
4
2
3
1
1
2
3
3
3
2
4
1
3
4
3
2
2
2
4
2
1
3
3
1
2
2
1
1
3
3
3
2
4
1
4
2
4
4
1
1
1
3
2
3
2
1
3
3
4
4
4
2
3
2
4
4
1
3
4
3
1
2
3
2
2
4
1
3
2
2
4
4
1
3
3
3
1
1
1
4
4
2
4
3
3
2
3
2
4
3
4
3
3
1
2
2
1
3
2
1
3
2
4
1
1
4
1
1
4
4
3
1
4
4
4
4
2
3
2
4
3
4
2
2
1
3
4
1
2
2
2
4
1
2
1
4
4
4
4
2
3
2
3
1
2
2
3
2
3
1
2
1
4
4
2
3
4
3
4
4
3
2
3
3
2
4
2
4
2
1
2
2
3
3
2
4
2
1
2
1
2
4
3
2
1
2
3
3
2
3
4
3
2
1
3
3
2
3
1
2
3
1
2
4
3
3
3
4
2
3
2
4
3
1
1
2
1
1
2
1
2
2
2
1
3
1
3
3
3
3
4
1
4
3
3
4
3
3
4
3
4
2
1
3
3
2
3
3
1
3
4
2
1
4
3
2
4
4
3
4
3
3
4
1
1
3
2
4
4
1
3
1
4
4
3
3
1
4
3
1
4
3
3
2
1
4
3
3
3
4
3
2
1
1
1
4
4
1
3
2
1
3
1
3
4
3
2
4
1
4
3
2
2
1
3
4
1
4
1
4
4
3
2
4
2
4
2
4
3
1
1
2
2
3
2
4
2
2
4
1
4
4
4
3
4
1
2
1
2
4
3
1
1
3
1
2
4
4
4
1
1
2
1 700
1 840
2 132
2 188
2 390
2 636
2 720
2 918
4 95
4 324
4 435
5 299
5 528
5 635
5 789
5 898
6 71
6 724
6 767
7 14
7 87
7 114
7 225
7 536
8 93
8 580
9 7
9 10
9 134
9 549
9 681
9 684
9 705
11 17
11 201
11 364
11 650
11 879
12 140
12 154
12 278
12 528
12 634
12 913
14 122
14 506
14 569
15 561
15 708
17 776
17 964
18 726
19 42
19 52
19 404
19 496
19 616
19 671
19 716
19 784
20 74
20 187
20 357
20 401
20 427
20 479
20 480
20 841
20 993
22 262
22 265
22 281
22 353
22 817
23 449
23 656
23 667
25 136
25 765
25 927
25 962
27 44
27 104
27 250
27 435
27 683
27 711
28 200
28 680
28 700
28 762
30 18
30 95
30 299
30 365
30 493
31 123
31 392
31 562
32 7
33 179
33 334
33 810
33 891
34 215
34 900
36 39
36 397
38 18
38 230
38 636
38 902
38 994
39 895
40 135
40 192
40 273
40 287
40 435
40 622
40 725
40 760
40 916
41 684
41 744
42 423
42 704
42 812
43 509
44 91
44 475
45 197
45 208
45 254
45 597
46 353
46 517
46 685
46 743
46 897
47 168
47 977
48 136
48 577
48 675
50 178
50 274
50 451
52 251
52 618
52 626
52 760
52 845
52 989
53 556
54 45
54 359
54 413
54 576
55 77
55 86
55 318
55 385
55 506
55 757
55 787
55 813
56 163
56 348
56 472
56 677
56 916
57 250
57 576
57 722
58 104
58 214
58 259
59 306
59 690
60 435
60 457
60 466
60 732
60 934
62 203
63 36
63 47
64 462
65 259
65 481
65 734
66 201
67 4
68 123
70 96
70 665
70 861
74 68
74 231
74 277
74 533
75 779
76 342
76 484
76 566
76 696
76 818
76 911
76 912
76 965
77 119
77 145
77 287
77 298
77 353
77 626
77 827
78 146
78 189
78 300
78 527
78 554
78 943
79 29
79 258
80 776
80 938
81 242
81 260
81 604
81 803
81 830
83 677
85 423
85 577
85 827
85 916
86 383
86 418
86 456
86 614
86 619
87 130
88 431
88 438
88 860
88 970
89 590
90 188
90 321
90 362
90 733
92 93
92 231
94 580
94 639
94 656
94 864
96 590
97 31
97 275
97 656
97 701
98 202
98 290
98 411
98 580
98 696
98 779
98 812
100 588
101 68
101 152
101 584
101 875
101 903
102 231
102 404
103 475
103 593
103 795
105 332
106 554
107 82
108 116
108 324
108 382
108 412
110 740
112 160
112 478
112 608
112 889
113 72
113 708
114 308
115 320
115 382
115 726
116 189
116 217
116 411
116 766
116 783
116 981
116 989
117 17
118 70
118 271
118 326
118 529
118 624
118 683
118 831
119 313
119 314
119 522
119 637
119 726
120 928
121 120
121 296
121 831
121 868
122 138
123 261
124 73
124 178
124 492
124 740
124 973
125 448
125 744
125 986
127 197
127 978
129 39
129 73
129 171
129 602
129 736
129 894
131 260
131 461
131 909
132 534
132 668
134 66
134 944
136 93
136 962
137 75
137 177
137 189
137 254
137 423
137 645
137 915
137 974
139 673
141 175
141 320
142 683
143 714
143 994
145 257
145 300
145 386
145 640
147 535
148 91
148 345
148 461
148 481
148 996
150 151
150 534
152 227
152 604
152 799
153 82
153 129
153 247
153 529
153 743
153 750
154 26
154 297
155 162
155 215
155 360
155 916
156 277
156 381
156 528
156 639
156 768
156 798
157 549
157 606
157 607
157 913
157 930
158 176
158 404
158 509
158 761
158 764
158 822
158 866
160 138
160 630
161 178
161 282
161 455
161 550
161 827
161 858
161 900
162 821
163 427
163 754
164 295
164 442
164 660
165 104
165 132
165 838
165 984
166 289
166 522
166 572
166 636
166 802
169 270
169 397
169 581
169 959
170 465
170 580
171 224
171 282
171 810
171 879
172 336
172 779
172 915
172 994
173 26
173 340
173 348
173 620
173 723
174 3
174 81
174 143
174 235
174 296
174 868
175 251
175 715
176 338
176 533
176 891
181 50
181 136
181 187
181 287
181 547
181 826
184 127
184 139
184 203
184 254
184 271
184 670
184 767
185 213
185 218
185 819
186 504
186 695
186 726
188 465
189 997
190 36
190 130
190 242
190 762
190 765
190 879
191 569
191 831
192 64
192 140
192 150
192 624
192 899
193 554
194 17
194 436
194 669
194 735
195 133
195 392
195 630
195 889
196 13
196 507
196 597
197 401
197 709
198 429
198 766
199 132
199 135
199 325
199 362
199 648
199 937
202 16
203 917
205 8
205 155
205 470
205 861
205 963
206 208
206 324
206 487
206 551
207 803
209 383
210 677
210 683
210 731
210 745
210 936
211 478
211 518
211 699
211 749
211 920
212 19
212 21
212 70
212 365
212 707
212 728
212 752
214 724
214 830
215 630
217 835
218 252
218 899
219 99
219 247
219 302
219 410
219 433
219 449
219 520
219 616
219 708
220 122
220 347
220 711
221 132
221 547
221 861
222 58
222 140
222 702
223 92
223 170
224 534
224 861
225 353
226 599
228 565
230 783
232 432
232 706
232 928
233 126
233 148
233 337
233 646
233 976
234 840
234 905
234 920
234 988
235 16
235 35
235 327
236 768
237 132
237 621
237 636
237 946
239 93
239 119
239 424
240 127
240 383
240 446
240 867
240 957
241 311
241 413
241 464
241 605
242 607
242 620
242 671
243 397
243 800
244 397
245 534
245 576
245 683
246 103
246 652
246 679
246 782
247 116
247 584
247 597
247 711
247 755
247 865
248 239
248 741
248 774
249 741
249 816
251 798
252 498
254 861
255 163
255 187
255 977
255 980
256 585
256 618
256 681
257 214
257 290
257 392
259 144
259 413
260 978
261 289
262 736
263 821
263 994
265 905
266 860
266 911
266 969
267 137
267 357
267 569
267 619
267 946
268 35
269 565
270 6
270 176
270 250
270 362
270 445
270 962
272 360
272 451
273 316
273 636
274 625
274 940
276 180
276 297
277 347
277 862
278 131
278 450
278 733
278 889
278 916
279 80
279 526
279 554
279 570
279 597
279 657
279 666
279 726
280 589
280 703
280 879
281 250
281 580
281 900
282 298
283 44
283 322
283 387
283 566
283 831
284 42
285 35
285 396
285 474
285 633
285 858
285 883
286 415
286 498
288 127
288 401
288 578
288 783
288 862
288 932
288 974
290 469
292 18
292 109
292 324
292 403
293 262
293 333
293 355
293 527
293 586
293 899
294 483
294 489
294 527
294 644
295 218
295 997
299 392
300 608
300 709
300 745
300 868
301 42
301 81
301 84
301 117
301 223
301 344
301 582
301 980
302 208
303 375
303 429
303 949
303 983
304 17
304 604
304 666
304 722
305 517
305 521
306 150
306 545
306 661
307 367
307 521
308 18
308 213
308 776
309 148
309 238
309 284
309 477
309 709
309 817
309 821
310 284
310 758
311 111
311 154
311 431
311 795
312 201
312 455
312 502
312 849
312 973
314 768
315 692
315 888
315 895
316 47
316 75
316 180
316 431
316 580
316 905
317 368
317 374
317 412
317 624
317 754
317 765
317 837
317 910
318 563
318 692
318 900
319 94
320 213
321 41
321 150
321 251
321 313
321 450
321 823
321 952
322 151
322 667
322 811
322 997
323 123
323 209
323 351
323 362
323 461
324 0
324 634
326 126
326 907
327 227
327 740
327 803
327 940
328 36
328 372
328 425
330 65
330 139
330 355
330 423
330 463
330 833
330 960
331 348
331 483
331 546
331 733
333 72
333 96
333 592
333 987
334 667
335 684
335 946
336 268
336 320
336 661
337 430
337 745
337 988
338 257
338 290
338 615
338 760
338 825
339 143
339 413
339 624
339 757
339 789
339 943
340 87
340 694
341 58
341 508
341 733
341 905
341 919
342 517
343 772
344 305
344 903
345 91
346 136
346 369
346 684
346 891
348 202
348 990
349 621
350 146
352 404
352 694
353 969
354 94
354 144
354 243
354 435
354 440
354 548
354 688
354 697
354 726
354 902
355 269
355 524
355 940
356 215
356 561
358 109
358 580
358 677
359 347
359 512
359 538
359 805
359 996
361 87
361 213
361 451
361 846
362 827
362 899
363 178
363 188
363 197
363 480
363 504
363 584
363 905
364 297
364 308
364 957
366 282
368 58
368 263
368 405
368 897
369 106
369 126
369 201
369 761
369 839
369 875
369 929
370 13
370 296
370 367
370 980
371 14
371 297
371 511
371 554
371 990
372 216
372 481
372 535
373 202
373 521
374 235
374 242
374 273
374 766
374 848
376 187
376 424
376 465
376 581
376 879
377 33
377 72
377 402
377 666
377 696
377 999
378 452
380 383
381 656
382 450
382 907
383 969
384 74
384 180
384 389
384 498
384 700
384 942
385 706
386 91
388 347
389 109
390 297
393 380
393 408
394 427
394 603
395 13
395 77
395 298
395 475
395 614
395 733
396 389
396 403
396 412
396 812
396 860
399 28
399 124
399 307
399 309
399 357
399 956
400 349
400 397
400 668
400 806
401 621
402 0
402 120
402 151
402 436
402 677
402 858
403 167
404 66
404 413
404 576
404 943
405 732
406 148
406 422
406 615
407 90
407 616
407 792
408 117
408 452
408 886
409 128
409 140
409 890
410 274
412 51
412 62
412 891
413 671
414 666
414 768
414 869
415 289
415 522
415 735
416 7
416 229
416 647
416 724
416 766
417 151
417 745
417 808
417 947
418 272
418 348
418 430
418 528
419 100
419 327
419 400
419 563
419 602
420 909
421 82
421 106
421 367
421 556
421 784
421 922
421 991
422 453
422 495
422 709
423 47
423 231
423 275
423 799
423 811
424 994
425 260
425 302
425 548
426 515
426 603
427 576
428 152
428 464
428 847
429 721
429 808
430 721
431 413
431 684
431 913
432 83
432 183
432 360
432 381
433 420
433 462
433 506
434 35
434 421
434 527
434 856
434 950
434 974
435 798
436 10
436 92
436 214
437 468
437 868
439 225
439 258
439 353
439 506
439 602
440 120
440 140
440 897
441 143
441 357
441 408
441 491
441 668
441 796
442 368
442 490
442 617
442 669
443 221
443 258
443 394
443 523
443 822
444 114
444 138
444 174
444 185
444 700
445 391
445 403
445 625
445 750
445 991
446 17
446 146
446 178
447 453
447 538
448 133
450 772
451 202
452 403
452 469
453 976
454 63
454 309
454 506
454 863
455 69
456 685
457 252
457 332
458 286
459 296
459 429
460 392
460 629
460 753
462 521
462 709
462 807
462 836
463 322
463 348
463 465
463 588
463 670
463 890
464 136
464 191
464 195
465 297
465 692
466 96
467 720
467 948
468 228
468 529
468 536
468 608
469 337
470 994
472 506
472 772
473 275
473 755
474 338
474 588
474 745
475 3
475 214
475 350
476 469
476 511
477 66
477 593
478 144
478 882
479 316
479 403
479 411
479 582
479 667
479 669
480 215
480 229
480 326
480 583
480 869
480 986
482 403
482 506
483 133
483 151
483 825
484 144
485 405
485 539
486 935
486 955
487 80
487 193
487 269
487 344
487 461
487 482
487 753
488 5
488 431
488 466
488 810
488 989
490 552
491 84
491 616
491 760
491 813
493 144
493 233
493 585
493 680
493 776
494 171
494 376
494 608
495 91
495 105
495 177
495 350
495 385
495 780
495 845
496 287
496 379
496 821
497 107
497 429
497 700
497 899
500 453
500 545
500 824
500 929
501 236
501 582
501 810
502 943
502 999
504 116
504 380
505 10
505 356
505 645
505 658
506 8
507 365
507 745
508 825
508 864
509 632
510 249
510 761
511 67
511 547
512 427
512 633
512 640
513 8
513 177
513 984
514 234
514 273
514 294
514 760
514 835
514 853
515 149
518 365
518 379
519 578
519 630
519 919
520 254
520 962
523 468
523 529
523 741
526 349
527 200
527 201
527 324
527 469
528 286
528 978
530 67
530 142
531 268
531 285
531 368
531 651
532 45
532 77
532 137
532 303
532 427
532 667
532 872
532 964
533 264
533 676
536 203
536 569
537 1
537 253
537 268
537 316
537 405
537 486
537 504
538 61
538 214
538 218
539 193
539 276
539 561
540 100
540 128
540 583
540 695
540 851
541 306
541 310
541 451
541 473
541 583
542 160
542 224
542 602
542 854
542 897
543 29
543 252
544 588
545 667
546 888
547 213
547 632
548 141
548 819
549 828
549 903
549 905
550 332
550 476
550 680
551 843
552 111
554 353
555 580
555 795
555 861
556 13
557 274
557 282
557 901
558 73
558 471
558 843
559 5
559 19
559 146
559 624
560 67
560 165
560 318
560 330
560 492
560 538
560 978
562 16
562 489
563 136
563 645
563 889
564 222
564 227
564 602
564 637
564 928
565 10
565 197
565 262
565 320
566 471
568 481
571 160
571 451
571 798
571 913
572 977
573 64
573 275
573 938
574 284
574 571
574 769
575 30
575 110
575 465
575 587
575 603
577 57
577 152
577 271
577 571
577 602
577 608
578 37
578 117
578 811
579 917
580 245
582 365
584 71
585 95
585 402
585 455
586 273
586 378
586 598
586 659
586 685
586 811
586 929
587 772
588 96
588 138
588 420
588 835
589 189
589 271
589 661
589 892
592 868
593 0
594 149
594 621
595 358
595 528
595 600
595 707
595 891
595 969
596 16
596 46
596 63
596 646
596 938
598 162
598 223
598 360
598 746
599 127
599 665
599 763
599 871
600 233
600 773
600 873
600 943
601 343
601 382
601 400
601 480
602 214
602 816
603 656
604 73
604 132
604 489
604 748
605 298
605 538
605 636
605 811
606 24
606 448
606 569
606 859
608 156
608 224
609 337
609 465
610 360
610 462
611 56
611 81
611 494
611 628
611 882
612 640
612 740
612 887
613 229
613 518
613 780
615 189
615 347
616 634
616 812
617 70
617 218
617 347
617 605
617 671
618 340
618 447
618 665
619 902
620 637
621 741
622 29
622 51
622 178
622 427
622 641
623 591
623 693
624 144
625 35
625 543
626 229
627 161
627 695
627 848
628 39
628 289
628 634
628 776
629 302
629 801
629 820
629 956
629 973
631 498
631 841
631 945
632 705
633 827
635 80
635 389
635 505
635 515
635 787
636 10
636 521
637 272
638 58
638 64
638 502
638 629
639 189
639 210
639 390
639 823
641 298
641 337
641 808
642 191
642 462
642 683
643 396
643 411
643 840
643 998
644 324
644 332
644 623
644 905
644 962
645 45
646 144
646 534
647 96
647 151
647 634
648 121
648 387
648 800
649 129
649 417
649 573
649 931
651 405
651 642
652 175
652 178
652 366
652 491
652 605
652 922
653 39
653 216
653 272
653 963
654 49
654 73
654 588
654 908
654 910
654 960
655 76
655 77
655 278
655 519
655 732
655 806
657 834
658 380
660 61
660 580
661 132
661 349
661 772
662 9
662 64
662 423
662 458
662 561
662 730
663 69
663 564
663 608
663 816
663 996
665 634
666 545
668 978
669 492
672 121
672 400
672 436
672 450
672 932
673 118
673 259
674 130
674 453
674 890
675 427
677 516
677 561
677 621
677 647
677 903
678 75
678 397
678 398
678 498
678 706
678 827
679 466
679 492
679 721
679 890
679 988
680 17
680 36
680 187
680 673
680 676
681 175
681 790
682 35
682 385
682 411
682 415
682 625
683 381
684 748
686 73
686 124
686 451
686 609
686 934
686 986
687 145
687 417
687 582
687 972
689 211
689 634
689 641
690 96
690 450
690 801
691 389
691 708
691 743
691 943
693 10
693 117
694 167
694 917
695 261
695 712
695 986
696 68
696 494
696 496
696 830
697 47
697 60
697 165
697 188
697 497
697 539
697 671
697 938
697 986
698 131
698 413
699 29
699 410
699 641
700 882
701 17
701 106
701 411
701 569
702 74
702 367
702 630
702 846
703 35
703 127
703 370
703 740
703 918
704 477
706 180
706 726
707 561
707 813
707 898
710 183
711 2
711 725
713 300
713 799
713 851
713 970
715 122
715 252
716 594
716 656
716 845
716 911
716 914
718 151
718 365
718 469
718 600
719 162
719 584
719 685
719 690
719 914
721 868
723 435
723 773
725 436
725 462
725 472
728 562
728 909
729 84
729 111
729 287
729 621
729 769
730 558
730 572
730 716
730 918
731 685
732 821
732 868
732 931
733 58
733 107
734 34
734 386
734 745
734 830
734 845
734 860
735 109
735 515
737 443
737 652
737 764
737 956
738 10
739 104
739 118
739 187
739 203
739 897
742 235
742 302
742 497
743 490
743 683
744 343
744 388
746 607
746 640
749 160
749 203
749 985
750 674
750 690
750 765
750 900
751 448
751 724
751 744
752 89
752 779
753 329
753 671
753 694
753 776
754 238
754 787
754 799
754 916
755 774
756 132
756 578
757 362
757 903
757 911
758 748
758 798
759 188
759 290
759 392
759 659
759 799
760 0
760 10
760 670
760 999
763 135
763 917
763 990
764 69
764 392
764 563
764 801
764 895
764 949
765 30
765 124
765 499
765 534
765 587
765 630
765 892
766 427
766 538
766 661
767 160
767 616
767 683
767 964
769 980
770 287
770 868
771 114
771 306
771 464
771 648
773 798
774 790
774 826
775 116
775 964
777 156
777 256
777 719
778 134
778 252
778 728
778 918
779 413
779 553
779 987
780 61
781 123
781 312
781 470
781 489
781 541
782 545
782 901
783 580
784 370
784 562
784 589
785 365
785 503
785 838
786 175
786 418
786 587
786 878
787 314
787 516
788 207
788 352
788 674
790 225
790 238
790 353
791 189
791 278
791 472
791 531
791 597
792 637
793 401
793 755
794 49
794 178
794 197
794 625
794 919
796 362
796 653
797 244
797 603
799 668
799 884
800 111
800 553
801 249
801 867
801 949
802 141
802 159
802 722
804 16
804 688
804 921
805 191
805 768
805 998
806 16
807 383
808 271
809 213
809 343
809 641
809 978
811 847
811 884
813 151
813 229
813 307
813 754
813 845
814 408
814 491
814 590
814 724
815 111
815 259
815 776
815 947
816 569
817 494
817 527
817 891
817 922
818 216
819 73
819 390
820 506
820 565
822 89
822 249
823 471
823 943
823 995
825 462
825 705
825 772
825 903
827 988
828 274
828 365
829 521
830 332
832 150
832 204
833 254
833 397
833 401
833 508
833 542
833 714
833 725
834 847
834 969
836 898
837 357
837 358
837 411
837 629
837 767
837 903
838 484
838 918
838 977
839 457
839 647
839 938
840 367
841 405
841 670
842 489
844 32
844 134
844 146
844 273
844 403
844 418
844 624
844 718
845 18
845 35
845 131
845 632
845 951
846 45
846 96
846 251
846 668
848 314
848 535
849 390
849 556
849 677
849 996
850 38
850 338
850 498
850 540
850 838
852 37
852 133
852 272
852 584
852 936
852 953
853 197
853 218
853 290
853 773
853 784
853 943
853 957
853 999
854 381
854 916
855 237
856 412
856 609
856 884
857 447
857 552
857 614
857 925
857 935
858 3
858 401
858 917
859 423
859 507
859 547
860 136
860 272
862 72
862 252
862 922
863 79
863 91
863 633
863 709
863 932
864 130
864 518
864 630
864 645
864 973
866 64
866 143
866 473
866 482
866 816
866 974
867 17
867 126
867 230
867 297
867 515
867 583
867 754
870 320
870 721
871 216
871 230
871 299
871 784
871 920
872 619
872 637
872 698
873 96
873 327
873 329
873 396
873 732
874 180
874 238
874 432
874 731
874 865
875 709
876 257
876 349
876 482
876 630
876 651
876 989
877 30
877 46
877 221
877 258
877 433
877 728
877 766
877 889
878 171
878 447
878 491
878 832
878 841
879 218
879 244
879 465
879 484
879 633
879 647
879 744
880 151
881 103
881 274
881 658
881 865
882 271
882 466
882 838
883 63
883 245
883 462
883 749
884 225
884 517
885 39
885 138
885 202
885 741
885 776
885 879
886 94
886 502
886 530
887 163
889 544
889 917
889 951
890 344
891 122
891 452
891 607
892 69
892 122
893 63
893 344
893 709
893 728
893 773
893 963
894 569
896 148
896 451
896 503
896 542
896 632
897 203
897 227
900 715
900 888
901 63
901 122
901 131
901 757
902 616
904 42
904 130
904 317
904 410
906 319
906 944
908 314
911 462
912 141
912 354
912 555
912 556
912 995
913 197
913 745
914 449
915 136
915 381
919 58
919 238
919 615
919 659
920 13
920 746
920 839
920 983
921 160
921 370
921 399
922 679
923 943
924 151
924 487
924 539
925 866
925 936
926 360
926 362
926 548
926 584
926 714
927 457
927 721
928 29
928 99
928 187
928 324
928 790
929 93
929 375
930 218
930 296
932 203
932 830
933 721
933 981
935 66
935 148
935 636
935 798
936 712
936 847
937 101
939 80
939 117
939 478
939 510
939 574
939 764
940 383
940 671
941 69
941 388
942 332
942 347
942 524
942 620
944 553
944 797
945 568
945 902
946 193
946 553
947 49
947 83
947 456
948 114
948 380
948 396
948 738
949 175
949 216
950 79
950 351
950 515
950 666
951 167
952 298
952 388
952 394
952 520
952 615
952 859
952 872
952 915
953 17
953 60
953 826
954 365
954 517
954 561
955 269
955 369
955 657
955 775
957 324
957 873
958 294
958 561
958 566
958 784
958 908
958 926
958 935
960 121
960 543
960 656
960 813
961 27
961 488
962 69
962 313
963 891
963 916
965 80
965 647
965 821
966 209
966 219
966 220
966 326
967 105
968 99
968 787
968 964
970 210
970 387
970 769
971 236
971 774
971 950
972 223
972 554
972 556
972 619
972 670
973 180
973 381
973 634
974 23
974 646
974 891
974 907
974 964
975 519
975 610
975 800
975 902
976 286
976 545
977 224
979 99
979 262
979 603
979 666
979 829
979 909
981 290
982 129
982 180
982 259
982 312
982 490
982 583
983 182
983 257
983 430
983 481
983 650
984 392
985 18
985 535
985 835
986 747
986 768
986 999
987 13
987 144
989 151
989 780
989 801
990 471
990 603
991 8
991 36
991 49
991 356
991 525
991 661
991 762
991 874
991 937
992 57
992 233
992 401
992 621
992 797
993 123
995 183
995 268
995 821
996 954
997 244
997 882
997 998
998 798
999 202
999 668
