0 4 16 0 12 16 12 7 3 15 
14 10 7 0 0 14 13 6 0 13 
0 7 10 0 2 7 0 10 5 2 
0 20 5 0 0 15 5 10 9 19 
6 3 1 7 0 7 5 1 7 7 
12 3 12 3 6 0 5 5 2 0 
0 0 0 9 7 6 0 6 4 6 
12 0 3 0 3 3 11 7 15 3 
20 0 0 10 20 10 19 4 9 0 
16 0 12 12 0 8 8 0 11 7 
1 2 0 0 3 0 2 0 2 0 
0 0 10 0 5 10 7 5 2 7 
2 2 5 8 0 2 8 0 11 8 
3 2 5 5 5 1 5 0 4 0 
0 7 7 0 0 28 0 0 21 6 
6 5 2 2 8 0 2 8 5 0 
3 0 12 0 12 12 3 12 9 12 
0 1 7 1 5 6 0 1 5 0 
1 2 1 1 1 0 1 1 0 0 
9 0 6 0 9 6 6 6 9 12 
12 0 4 12 12 4 4 16 15 0 
1 0 2 0 2 0 2 2 2 2 
4 5 0 5 0 3 0 1 1 3 
0 7 3 3 7 0 3 0 0 6 
0 3 3 3 0 6 9 0 12 6 
11 7 3 3 0 7 11 3 14 10 
5 0 10 0 10 21 5 10 21 10 
0 1 0 1 1 0 1 0 0 0 
2 4 6 4 0 2 1 0 5 5 
3 9 6 9 12 9 0 6 2 0 
0 4 4 12 11 0 3 3 11 15 
0 9 13 18 9 17 0 0 17 0 
3 3 7 5 7 3 3 6 3 0 
1 0 2 2 0 0 0 2 3 3 
2 0 4 0 2 4 5 7 7 7 
3 5 0 1 0 3 3 3 5 5 
14 11 7 0 10 0 3 14 10 0 
2 0 0 3 0 1 0 1 1 0 
4 8 6 6 6 4 4 3 1 0 
10 5 8 0 0 2 0 10 0 8 
17 0 12 4 12 17 8 0 8 17 
2 7 2 10 0 2 10 10 2 7 
8 8 0 6 4 8 6 0 0 0 
2 0 2 8 8 2 4 7 1 5 
10 0 5 5 5 4 14 9 9 0 
0 3 6 6 12 9 9 6 11 0 
2 8 7 5 7 5 0 1 0 0 
17 0 0 12 12 12 0 17 16 0 
6 9 9 5 0 5 0 5 11 11 
8 12 4 4 0 8 8 12 8 7 
1 0 0 1 2 2 3 0 0 0 
0 0 1 0 3 4 3 0 5 4 
0 0 2 0 4 0 3 3 0 1 
0 6 0 2 0 6 6 9 4 6 
3 0 0 0 2 0 2 0 3 0 
30 0 15 0 23 0 22 0 0 0 
7 5 7 0 7 4 4 9 0 0 
6 0 6 12 6 25 6 6 0 0 
18 0 13 0 18 0 17 8 13 8 
0 8 8 2 0 0 2 2 11 11 
0 9 9 0 4 6 4 0 6 9 
0 2 1 0 0 0 1 1 1 1 
1 5 0 3 0 5 0 3 3 7 
0 3 9 12 12 0 3 5 2 0 
8 0 12 0 16 0 0 12 7 15 
17 0 0 4 12 16 4 16 16 12 
3 14 7 7 14 14 11 7 3 0 
9 9 9 13 9 9 0 9 0 0 
14 10 3 7 7 10 13 13 0 0 
6 6 0 0 1 2 2 2 1 0 
13 9 6 9 0 13 12 0 0 6 
1 1 2 1 0 3 2 0 0 0 
0 12 16 0 16 0 12 8 8 12 
3 1 2 0 1 4 4 1 1 0 
13 8 12 8 0 12 4 8 8 17 
25 0 0 0 12 12 6 6 6 25 
9 18 0 9 18 26 0 8 8 0 
17 23 22 5 5 17 0 0 5 0 
10 10 0 5 10 15 20 14 4 0 
2 0 0 1 0 2 1 0 0 0 
6 0 0 0 0 0 9 3 9 3 
9 7 7 2 0 7 7 7 7 4 
17 8 8 8 4 17 8 0 12 0 
0 0 0 6 6 0 8 0 0 3 
0 3 4 0 3 1 3 0 3 0 
3 15 11 15 15 0 0 3 14 0 
0 0 1 0 1 2 1 1 1 1 
6 6 12 18 12 5 0 5 5 0 
2 2 1 0 1 1 1 1 1 0 
2 0 0 0 3 2 2 2 0 2 
0 0 0 14 10 0 3 3 6 6 
0 3 15 11 0 15 7 14 14 14 
10 7 5 2 10 9 9 2 4 0 
16 4 8 8 8 4 4 8 11 0 
6 3 0 1 6 1 1 4 5 0 
3 0 4 0 2 0 3 2 2 0 
6 20 6 0 0 20 0 20 6 13 
12 12 0 2 0 2 8 8 8 2 
1 1 1 0 0 1 0 0 1 0 
3 5 5 4 1 4 4 6 4 0 
