0 4 16 0 12 16 12 7 3 15 
13 10 6 0 3 13 13 6 0 13 
0 7 10 0 2 7 0 10 5 2 
0 20 5 0 0 15 5 10 9 19 
5 3 1 6 5 6 5 1 6 6 
12 3 12 2 5 0 5 5 2 2 
0 2 0 8 6 6 0 6 4 6 
12 0 3 0 3 3 11 7 15 3 
18 0 0 9 18 9 18 4 8 8 
16 0 12 12 0 8 8 0 11 7 
1 2 0 0 3 0 2 0 2 0 
0 0 10 2 5 9 7 4 2 7 
2 2 5 7 5 2 7 0 9 7 
3 2 5 5 5 1 5 0 4 0 
0 7 7 0 0 28 0 0 21 6 
6 5 2 2 8 0 2 8 5 0 
3 0 12 6 11 11 2 11 8 11 
0 1 6 1 5 6 0 1 5 1 
1 2 1 1 1 0 1 1 0 0 
9 0 6 0 9 6 6 6 9 12 
11 0 3 11 10 3 3 14 14 10 
1 0 2 1 2 0 2 1 2 2 
4 5 0 5 0 3 0 1 1 3 
3 6 3 3 6 0 3 0 0 5 
0 3 3 3 0 6 9 0 12 6 
11 7 3 3 0 7 11 3 14 10 
5 0 10 5 10 20 5 9 19 9 
0 1 0 1 1 0 1 0 0 0 
2 4 6 4 1 1 1 0 5 5 
3 9 5 8 11 8 0 5 2 5 
7 3 3 10 10 0 3 3 10 14 
0 8 12 17 8 17 0 0 17 4 
3 3 6 4 6 3 3 6 3 3 
1 0 2 2 0 0 0 2 3 3 
2 0 4 0 2 4 5 7 7 7 
3 5 0 1 1 3 3 3 5 4 
13 10 6 0 9 0 3 13 9 6 
2 0 0 3 0 1 0 1 1 0 
4 8 6 6 5 3 3 3 1 3 
10 4 7 0 4 2 0 9 0 7 
16 4 12 4 12 16 8 0 8 15 
2 7 2 9 4 2 9 9 2 6 
8 8 0 6 4 8 5 0 0 1 
2 4 2 7 7 1 3 7 1 5 
10 0 5 5 5 4 14 9 9 0 
0 3 6 5 11 8 8 5 11 5 
2 7 7 5 7 5 0 1 0 1 
16 0 0 12 12 12 0 16 15 3 
5 8 8 5 5 5 0 5 10 10 
8 12 4 4 0 8 8 12 8 7 
1 0 0 1 2 2 3 0 0 0 
0 0 1 1 3 4 2 0 5 4 
0 0 2 0 4 0 3 3 0 1 
0 6 0 2 0 6 6 9 4 6 
3 0 0 0 2 0 2 0 3 0 
30 0 15 0 23 0 22 0 0 0 
7 5 7 0 7 4 4 9 0 0 
6 0 6 12 5 23 5 5 0 5 
17 0 12 4 17 0 17 8 12 8 
0 8 8 2 2 0 2 2 10 10 
0 9 8 2 4 6 4 0 6 8 
0 2 1 0 0 0 1 1 1 1 
1 4 0 3 3 4 0 3 3 6 
0 2 8 11 11 0 2 5 2 5 
7 7 11 0 14 0 0 10 7 14 
16 4 0 4 12 16 4 15 15 11 
3 14 7 7 14 14 11 7 3 0 
9 9 8 13 8 8 0 8 0 4 
13 10 3 6 6 10 13 13 0 3 
6 5 0 0 1 2 2 2 1 1 
12 9 6 9 3 12 12 0 0 5 
1 1 2 1 0 3 2 0 0 0 
0 12 16 4 16 0 11 7 7 11 
3 1 2 0 1 4 4 1 1 0 
13 8 12 8 0 12 4 8 8 17 
24 6 0 0 12 12 5 5 5 23 
8 16 0 8 16 24 0 8 8 8 
17 23 22 5 5 17 0 0 5 0 
10 10 0 5 10 15 20 14 4 0 
2 0 0 1 0 2 1 0 0 0 
6 0 0 0 0 0 9 3 9 3 
9 7 7 2 2 7 7 6 6 4 
16 8 8 8 4 16 8 0 11 3 
2 0 0 6 5 0 7 0 0 3 
0 3 4 0 3 1 3 0 3 0 
3 15 11 15 15 0 0 3 14 0 
0 0 1 0 1 2 1 1 1 1 
6 6 12 18 12 5 0 5 5 0 
2 1 1 0 1 1 1 1 1 1 
2 0 0 0 3 2 2 2 0 2 
0 0 0 14 10 0 3 3 6 6 
0 3 14 10 3 14 7 14 14 14 
9 6 4 2 9 8 8 2 4 6 
16 4 8 8 8 3 3 7 11 3 
6 2 0 1 5 1 1 4 5 2 
3 0 4 0 2 0 3 2 2 0 
6 19 6 0 6 18 0 18 6 12 
12 12 0 2 0 2 8 8 8 2 
1 1 1 0 0 1 0 0 1 0 
3 5 5 4 1 4 4 6 4 0 
