20
20
16 4 5 6 12 3 2 14 9 7 13 10 11 19 1 18 8 20 15 17 
20
19 20 1 8 12 11 4 2 5 18 17 6 7 13 9 16 15 14 3 10 
20
3 1 13 2 8 10 7 15 14 9 4 16 12 18 11 5 6 19 17 20 
20
20 6 1 11 5 14 19 17 16 15 12 18 4 3 7 13 8 10 2 9 
20
9 16 18 6 10 3 2 20 1 13 8 7 14 17 11 19 5 12 15 4 
20
3 13 9 11 19 17 16 15 14 2 12 4 20 5 10 8 7 6 18 1 
20
18 2 3 10 7 20 4 19 16 1 12 14 15 8 13 17 5 9 6 11 
20
17 11 13 6 7 8 14 9 20 15 2 1 3 18 12 19 16 4 10 5 
20
8 20 14 10 7 19 5 15 6 3 1 12 11 9 16 2 17 4 13 18 
20
12 10 15 17 18 4 11 20 13 9 6 8 1 14 3 19 7 5 2 16 
20
10 17 7 14 8 5 4 12 20 6 2 3 11 16 9 15 1 19 13 18 
20
19 14 17 5 11 9 12 15 8 6 20 1 18 3 16 7 4 13 10 2 
20
14 2 8 6 10 11 15 20 17 5 7 3 4 18 16 1 13 19 9 12 
20
7 18 5 6 13 4 12 11 8 16 2 10 1 15 17 19 14 20 3 9 
20
15 10 16 9 18 13 8 12 17 14 20 11 19 6 7 1 4 5 2 3 
20
8 16 14 11 6 15 19 4 2 9 5 12 1 18 7 3 20 13 17 10 
20
4 7 14 19 2 1 8 18 15 17 9 13 10 3 12 11 20 16 6 5 
20
12 4 2 10 9 5 6 11 1 8 16 13 14 18 7 20 17 3 15 19 
20
15 18 6 5 8 11 13 2 17 12 9 7 3 14 20 10 16 4 19 1 
20
8 7 3 14 13 9 12 15 1 10 18 17 16 5 19 2 4 20 6 11 
