10
100 1050
0 3 7
0 18 2
0 26 4
0 29 10
0 38 1
0 40 9
0 42 1
0 45 9
0 46 2
0 49 8
0 57 2
0 59 9
0 60 1
0 64 2
0 65 2
0 67 10
0 73 5
0 89 3
0 91 1
0 94 3
0 97 5
1 2 8
1 7 -2
1 8 7
1 10 2
1 19 3
1 24 8
1 28 6
1 29 6
1 31 7
1 33 7
1 34 8
1 40 2
1 41 6
1 61 2
1 66 10
1 68 2
1 72 10
1 76 6
1 78 7
1 88 4
2 3 -1
2 9 8
2 10 -9
2 15 -4
2 22 3
2 33 9
2 37 6
2 43 9
2 44 3
2 45 10
2 54 1
2 56 2
2 60 6
2 62 8
2 66 10
2 74 2
2 75 4
2 96 2
2 97 4
3 6 8
3 21 1
3 23 7
3 27 6
3 32 4
3 36 7
3 39 5
3 40 6
3 45 3
3 51 4
3 54 8
3 61 6
3 62 2
3 64 5
3 66 2
3 68 -10
3 72 8
3 77 10
3 84 4
3 86 6
3 91 3
3 94 -3
4 6 5
4 17 9
4 34 7
4 39 3
4 49 6
4 57 9
4 58 5
4 60 8
4 61 -8
4 66 7
4 72 8
4 73 -5
4 81 1
4 86 2
4 91 1
5 10 7
5 11 5
5 29 6
5 32 -3
5 43 10
5 46 9
5 49 6
5 54 10
5 56 6
5 73 3
5 74 9
5 76 9
5 81 -3
5 87 8
5 90 5
6 9 2
6 16 4
6 22 2
6 25 9
6 26 5
6 29 10
6 38 5
6 51 4
6 59 10
6 65 4
6 70 8
6 72 2
6 85 10
6 86 6
6 94 8
6 96 1
7 9 10
7 22 3
7 28 6
7 35 2
7 38 1
7 45 2
7 46 5
7 50 5
7 51 6
7 52 6
7 69 8
7 73 9
7 74 1
7 78 6
7 79 10
7 80 -9
7 81 6
7 85 4
7 93 8
7 97 8
7 99 8
8 9 8
8 12 5
8 15 10
8 23 9
8 24 2
8 29 3
8 30 4
8 33 2
8 35 9
8 43 9
8 44 2
8 47 2
8 49 1
8 52 5
8 59 9
8 60 8
8 68 6
8 70 10
8 77 9
8 83 4
8 84 3
8 85 10
8 90 5
8 98 5
9 10 1
9 14 8
9 25 4
9 30 2
9 31 4
9 32 1
9 37 3
9 38 9
9 40 9
9 51 4
9 59 5
9 60 2
9 63 5
9 65 3
9 69 1
9 70 8
9 78 2
9 79 6
9 81 3
9 86 6
9 93 6
9 97 5
10 15 8
10 18 7
10 20 2
10 21 4
10 23 7
10 24 2
10 33 3
10 37 5
10 39 2
10 44 4
10 49 5
10 50 2
10 54 6
10 55 -7
10 59 2
10 76 6
10 78 3
10 84 6
10 85 6
10 91 9
10 99 8
11 27 3
11 29 -5
11 36 10
11 39 2
11 44 7
11 45 5
11 49 7
11 50 1
11 66 4
11 69 7
11 71 10
11 79 7
11 85 -1
11 89 5
11 92 7
11 98 1
12 14 2
12 15 8
12 16 8
12 21 10
12 36 9
12 38 5
12 53 1
12 57 -5
12 60 9
12 63 4
12 78 2
12 80 6
12 81 7
12 84 1
12 87 7
12 88 4
12 98 5
13 17 7
13 18 4
13 21 4
13 22 7
13 23 6
13 26 8
13 29 3
13 32 6
13 39 2
13 47 3
13 53 3
13 54 10
13 56 10
13 57 4
13 59 9
13 72 6
13 75 -8
13 76 10
13 80 3
13 81 7
13 83 6
13 88 9
13 91 4
13 93 10
13 97 7
14 23 4
14 27 -2
14 33 3
14 38 10
14 43 10
14 49 7
14 51 4
14 53 10
14 61 7
14 63 8
14 64 2
14 85 2
14 86 9
14 92 1
14 97 6
15 16 9
15 18 9
15 23 6
15 25 -2
15 30 2
15 35 10
15 37 2
15 39 5
15 40 4
15 47 5
15 48 2
15 52 1
15 57 10
15 59 10
15 61 2
15 63 6
15 64 1
15 74 10
15 78 4
15 83 9
15 84 10
15 88 8
15 92 8
15 95 7
15 96 7
15 99 9
16 17 7
16 24 5
16 30 2
16 32 3
16 33 2
16 36 1
16 41 10
16 43 7
16 46 4
16 47 -10
16 48 4
16 56 10
16 57 10
16 59 3
16 63 3
16 69 5
16 70 6
16 72 3
16 74 9
16 83 8
16 87 7
16 88 9
16 89 6
16 99 8
17 34 4
17 36 4
17 37 6
17 38 10
17 39 10
17 46 5
17 50 6
17 54 5
17 57 7
17 59 3
17 70 6
17 73 4
17 84 5
17 86 10
17 92 5
17 93 9
18 28 2
18 34 1
18 35 7
18 37 4
18 38 7
18 40 9
18 50 5
18 57 -4
18 59 9
18 60 2
18 61 2
18 67 2
18 68 5
18 73 6
18 77 10
18 82 5
18 86 8
18 88 5
18 92 5
18 95 8
19 24 5
19 25 7
19 26 9
19 28 9
19 41 6
19 44 -8
19 45 4
19 47 6
19 52 1
19 63 9
19 67 10
19 72 7
19 76 9
19 80 9
19 84 10
19 88 7
19 92 9
20 21 7
20 23 3
20 24 1
20 25 6
20 30 5
20 31 9
20 37 4
20 50 8
20 51 -7
20 52 10
20 53 2
20 55 3
20 58 8
20 69 5
20 70 2
20 71 4
20 74 10
20 75 3
20 82 8
20 91 1
20 94 6
21 23 3
21 29 3
21 30 5
21 49 7
21 52 10
21 56 1
21 58 4
21 74 7
21 81 1
21 82 8
21 88 4
21 90 8
21 98 6
21 99 1
22 24 2
22 42 9
22 46 -9
22 54 9
22 59 3
22 61 3
22 71 8
22 73 10
22 75 1
22 76 6
22 80 2
22 81 8
22 83 1
22 84 2
22 85 10
22 89 2
23 28 1
23 29 8
23 31 8
23 37 -8
23 42 6
23 45 2
23 46 6
23 51 9
23 53 3
23 54 10
23 64 4
23 65 3
23 68 10
23 70 4
23 74 4
23 87 9
23 90 1
23 91 6
23 98 -8
24 28 5
24 31 7
24 32 -7
24 37 5
24 40 10
24 41 1
24 42 9
24 50 9
24 51 7
24 53 -8
24 56 1
24 59 10
24 60 4
24 61 8
24 67 1
24 71 5
24 72 1
24 75 3
24 83 8
24 84 3
24 91 9
24 94 4
24 97 10
24 99 4
25 29 6
25 32 5
25 39 4
25 51 10
25 59 3
25 62 6
25 63 3
25 68 4
25 69 7
25 81 6
25 83 1
25 87 3
25 89 7
25 95 6
25 96 8
26 32 9
26 46 -3
26 48 4
26 51 6
26 57 9
26 64 4
26 69 6
26 72 6
26 75 6
26 76 8
26 79 9
26 80 2
26 88 3
26 96 8
27 31 -7
27 41 9
27 42 -4
27 54 6
27 56 1
27 62 3
27 65 9
27 66 5
27 73 10
27 76 7
27 86 9
27 87 9
27 91 1
28 30 4
28 34 5
28 35 6
28 36 3
28 37 -1
28 39 3
28 46 3
28 58 10
28 61 10
28 65 7
28 69 2
28 75 1
28 85 9
28 93 7
28 95 10
28 97 10
29 38 4
29 50 3
29 58 4
29 60 9
29 65 6
29 67 5
29 74 10
29 76 3
29 80 8
29 81 7
29 85 6
29 91 8
29 93 9
29 95 9
29 97 3
30 34 4
30 37 7
30 38 10
30 49 1
30 56 7
30 69 5
30 71 8
30 77 10
30 84 7
30 85 9
30 87 5
30 89 2
30 94 5
30 96 5
30 99 4
31 32 4
31 35 3
31 37 10
31 38 9
31 40 4
31 43 10
31 45 10
31 48 -2
31 51 10
31 58 2
31 64 1
31 66 3
31 72 10
31 85 10
31 86 5
31 87 8
31 91 9
31 93 1
32 38 6
32 41 1
32 42 -2
32 46 2
32 47 6
32 49 10
32 58 1
32 60 7
32 61 -6
32 65 5
32 70 7
32 73 2
32 75 5
32 76 8
32 98 8
33 34 2
33 36 7
33 40 7
33 47 1
33 51 7
33 53 -4
33 64 7
33 68 3
33 69 -5
33 70 6
33 77 4
33 82 6
33 83 4
33 85 7
33 92 5
33 95 2
33 99 10
34 43 6
34 51 5
34 57 8
34 58 3
34 62 6
34 65 3
34 69 5
34 73 5
34 74 1
34 75 10
34 77 1
34 78 7
34 84 9
34 85 1
34 86 1
34 88 10
34 97 7
35 37 7
35 41 5
35 46 10
35 53 -5
35 56 2
35 57 10
35 59 10
35 60 8
35 63 8
35 68 5
35 74 6
35 81 6
35 85 1
35 86 8
35 95 3
36 40 5
36 42 1
36 51 2
36 58 5
36 59 5
36 63 10
36 69 1
36 70 2
36 72 1
36 80 5
36 91 10
36 96 9
37 47 3
37 49 7
37 50 3
37 53 2
37 54 9
37 65 9
37 66 7
37 68 7
37 82 4
37 88 6
37 93 8
37 95 3
38 53 10
38 59 10
38 60 5
38 63 10
38 66 3
38 69 1
38 72 4
38 73 1
38 82 8
38 86 2
38 89 8
38 90 4
38 94 10
39 40 10
39 45 3
39 47 7
39 53 1
39 57 7
39 58 7
39 61 7
39 64 5
39 66 7
39 67 1
39 68 10
39 82 4
39 92 4
39 96 8
40 44 10
40 54 3
40 60 7
40 71 5
40 87 9
40 92 8
40 93 4
40 97 4
40 99 5
41 44 10
41 45 8
41 47 5
41 59 -1
41 63 8
41 65 5
41 70 2
41 74 4
41 77 9
41 79 3
41 99 6
42 56 4
42 57 8
42 58 7
42 60 7
42 67 6
42 74 4
42 81 1
42 87 1
42 91 8
42 95 10
43 46 4
43 48 7
43 50 5
43 62 7
43 69 4
43 70 5
43 74 7
43 78 9
43 84 1
43 85 8
43 86 5
43 94 4
44 51 6
44 66 6
44 74 6
44 79 4
44 88 7
44 89 9
44 95 2
45 49 6
45 50 2
45 51 10
45 52 5
45 55 3
45 58 10
45 61 2
45 63 6
45 72 2
45 74 4
45 76 10
45 77 7
45 79 1
45 80 7
45 83 2
45 84 9
45 89 10
45 97 5
46 53 4
46 54 5
46 56 4
46 57 -7
46 58 9
46 59 1
46 61 10
46 62 6
46 67 9
46 73 3
46 74 7
46 77 9
46 78 9
46 98 9
47 57 2
47 58 8
47 61 2
47 62 3
47 69 6
47 95 4
47 97 -4
48 51 10
48 52 5
48 53 -5
48 54 9
48 66 6
48 70 9
48 71 3
48 91 10
48 95 9
49 50 9
49 56 -5
49 59 8
49 61 3
49 63 7
49 73 9
49 87 2
49 99 3
50 53 2
50 56 1
50 69 2
50 86 6
50 89 8
50 90 5
51 52 9
51 53 -7
51 54 7
51 59 6
51 65 10
51 71 3
51 75 3
51 77 5
51 81 6
51 85 8
51 86 1
51 91 9
51 94 4
52 53 10
52 55 9
52 61 2
52 62 4
52 63 7
52 65 10
52 72 2
52 74 4
52 75 6
52 81 3
52 85 10
52 93 4
52 98 4
53 76 7
53 79 6
53 87 5
53 98 7
54 61 3
54 65 8
54 67 9
54 72 3
54 77 5
54 82 3
54 88 2
54 90 5
55 77 3
55 81 -9
55 95 8
56 59 6
56 61 10
56 64 3
56 65 9
56 76 2
56 78 5
56 87 3
56 90 8
56 95 1
57 63 3
57 71 8
57 75 2
57 76 6
57 79 5
57 86 10
57 91 8
57 93 1
57 98 8
58 64 4
58 65 5
58 78 2
58 85 10
58 93 7
58 97 1
59 60 8
59 63 9
59 65 8
59 76 1
59 84 4
59 91 4
59 96 8
60 67 9
60 68 7
60 70 8
60 73 6
60 86 8
60 87 6
60 89 8
60 98 6
61 69 6
61 77 3
61 79 5
61 83 2
61 96 5
61 97 -2
62 66 6
62 70 3
62 77 3
62 78 4
62 91 1
63 64 7
63 65 7
63 71 7
63 77 7
63 78 2
63 81 9
63 90 6
64 65 3
64 69 9
64 72 9
64 76 7
64 80 6
64 81 10
64 84 1
64 86 8
64 92 1
64 97 10
64 99 5
65 68 6
65 71 5
65 83 7
65 88 10
65 91 5
65 92 2
65 94 10
66 69 4
66 80 5
66 81 3
66 82 8
66 85 6
66 98 5
67 69 3
67 71 8
67 78 9
67 83 10
67 84 10
67 85 4
67 89 10
67 99 1
68 74 8
68 80 5
68 87 10
68 93 6
68 94 2
68 97 1
69 76 6
69 80 7
69 84 3
69 86 10
69 87 2
69 88 4
69 92 10
69 96 7
69 99 -4
70 76 8
70 77 3
70 82 6
70 93 1
70 96 8
71 72 1
71 75 6
71 78 10
71 79 6
71 85 3
71 86 3
71 87 3
71 89 10
71 91 5
71 93 5
71 94 2
71 95 1
71 98 10
71 99 4
72 87 2
72 89 8
73 77 4
73 87 6
73 89 10
74 75 3
74 76 6
74 79 2
74 91 -9
74 92 3
74 99 8
75 94 2
75 96 2
76 84 1
76 85 1
76 87 9
76 89 7
76 90 9
76 94 7
76 99 9
77 82 8
77 84 4
77 90 2
77 94 3
77 99 -9
78 91 -6
78 93 7
79 81 -6
79 88 2
79 90 4
79 95 8
79 97 4
80 82 10
80 87 10
80 96 9
81 98 10
82 83 5
82 87 2
82 89 10
82 96 1
82 97 2
83 91 6
83 96 8
83 97 9
83 98 6
84 95 10
85 94 8
85 95 7
85 99 7
86 94 9
87 90 1
87 92 3
87 97 10
88 91 8
89 98 4
90 94 7
90 96 1
90 97 3
90 98 7
91 95 3
92 95 4
93 94 8
93 97 3
94 95 3
94 97 7
96 98 10
97 98 5
98 99 1
100 1050
0 1 9
0 2 6
0 10 10
0 17 3
0 18 10
0 19 8
0 25 2
0 36 6
0 37 10
0 38 3
0 44 4
0 46 3
0 47 8
0 50 9
0 54 6
0 55 1
0 57 6
0 58 8
0 65 4
0 67 -2
0 68 8
0 74 8
0 78 3
0 80 3
0 82 -5
0 90 2
0 93 9
1 3 5
1 8 4
1 13 8
1 20 8
1 27 2
1 29 6
1 36 3
1 39 3
1 50 4
1 54 1
1 56 1
1 58 3
1 65 3
1 66 9
1 68 6
1 73 4
1 81 10
1 95 3
2 8 2
2 14 9
2 19 10
2 31 9
2 38 2
2 43 2
2 53 1
2 54 6
2 58 9
2 67 8
2 75 8
2 93 4
3 5 6
3 10 10
3 15 5
3 19 4
3 28 4
3 43 9
3 48 1
3 58 2
3 71 4
3 72 9
3 76 9
3 78 3
3 81 6
3 92 8
3 93 8
3 96 3
4 11 -9
4 12 3
4 14 1
4 15 6
4 23 2
4 25 2
4 28 8
4 29 6
4 38 2
4 49 2
4 50 7
4 66 7
4 68 9
4 78 2
4 84 10
4 96 8
5 6 7
5 14 10
5 18 2
5 36 -6
5 37 6
5 38 5
5 43 -1
5 44 8
5 50 3
5 51 4
5 52 6
5 53 6
5 55 8
5 68 6
5 72 1
5 81 4
5 82 1
5 84 1
5 92 4
6 8 10
6 17 5
6 18 7
6 20 -9
6 36 9
6 41 -7
6 51 1
6 62 -9
6 68 -7
6 79 9
6 82 4
6 83 7
6 90 7
6 91 10
6 93 2
6 95 2
6 98 2
7 9 2
7 11 -1
7 16 -6
7 17 1
7 22 2
7 24 5
7 26 10
7 27 1
7 29 2
7 30 5
7 40 9
7 43 8
7 50 10
7 56 2
7 62 2
7 66 3
7 77 5
7 87 4
7 88 5
7 96 8
7 98 8
8 10 9
8 13 2
8 18 3
8 19 7
8 27 9
8 30 4
8 32 -1
8 44 2
8 46 1
8 52 4
8 60 2
8 66 8
8 74 9
8 80 10
8 90 4
8 92 6
8 99 7
9 16 2
9 17 2
9 26 7
9 27 3
9 28 9
9 33 8
9 36 3
9 40 9
9 41 1
9 51 6
9 54 2
9 55 10
9 63 9
9 64 4
9 76 1
9 77 6
9 81 2
9 82 1
9 87 9
9 88 8
9 90 10
9 92 4
10 20 2
10 23 10
10 24 5
10 27 3
10 40 6
10 47 4
10 52 9
10 55 9
10 56 10
10 77 6
10 80 10
10 81 9
10 82 5
11 12 5
11 16 8
11 17 2
11 19 2
11 22 4
11 25 10
11 27 3
11 44 6
11 47 1
11 59 3
11 65 10
11 70 5
11 83 5
11 97 6
12 13 1
12 14 -7
12 18 7
12 21 9
12 22 8
12 28 8
12 36 9
12 37 9
12 44 5
12 47 1
12 49 3
12 50 4
12 56 7
12 59 6
12 61 6
12 64 9
12 65 2
12 79 10
12 82 6
12 89 5
12 97 9
13 17 -1
13 18 2
13 26 6
13 33 2
13 40 4
13 43 2
13 45 2
13 49 6
13 50 5
13 54 6
13 59 6
13 66 6
13 73 1
13 85 9
13 87 4
13 90 5
14 15 10
14 20 9
14 32 1
14 38 1
14 44 5
14 46 1
14 49 9
14 52 4
14 58 1
14 62 9
14 74 2
14 80 -3
14 86 10
14 89 4
14 94 4
14 98 10
15 21 8
15 27 4
15 31 3
15 41 -9
15 43 6
15 47 7
15 49 2
15 55 1
15 67 9
15 73 9
15 75 8
15 77 6
15 84 8
15 85 5
15 86 4
15 88 9
15 94 2
15 98 4
16 17 1
16 19 9
16 28 2
16 30 4
16 32 7
16 33 5
16 38 8
16 47 9
16 49 1
16 58 1
16 59 3
16 69 5
16 71 1
16 72 3
16 75 3
16 77 3
16 80 3
16 82 4
16 86 -6
16 91 9
16 93 -6
16 95 1
16 97 7
17 22 8
17 26 3
17 28 1
17 36 -9
17 39 8
17 50 7
17 52 2
17 70 2
17 73 3
17 88 10
17 95 6
17 97 10
18 22 4
18 32 8
18 34 1
18 44 7
18 51 10
18 55 -1
18 60 1
18 66 6
18 70 1
18 77 -2
18 79 4
18 80 9
18 86 4
18 91 2
18 96 7
18 97 7
18 99 2
19 28 5
19 31 3
19 32 6
19 33 1
19 34 7
19 40 8
19 51 4
19 55 2
19 63 5
19 65 7
19 69 5
19 77 6
19 78 5
19 79 1
19 82 3
19 83 2
19 87 1
19 89 3
20 23 6
20 24 2
20 27 3
20 30 9
20 31 4
20 32 7
20 33 6
20 35 1
20 36 7
20 38 5
20 40 1
20 42 6
20 43 8
20 49 10
20 55 1
20 60 4
20 66 10
20 68 5
20 78 8
20 79 10
20 81 5
20 86 3
20 90 6
20 97 2
20 99 9
21 25 10
21 26 5
21 27 1
21 28 6
21 31 2
21 40 5
21 54 10
21 57 7
21 58 5
21 61 4
21 62 8
21 66 10
21 72 7
21 83 3
21 84 5
21 87 3
21 93 3
22 33 10
22 35 9
22 36 6
22 38 3
22 40 7
22 46 5
22 47 5
22 48 4
22 52 6
22 55 2
22 56 6
22 58 9
22 59 8
22 64 5
22 68 7
22 69 1
22 70 5
22 81 10
22 82 7
22 97 4
23 25 3
23 30 3
23 31 9
23 32 9
23 34 9
23 41 10
23 50 3
23 53 7
23 58 7
23 59 4
23 61 7
23 62 4
23 66 3
23 70 2
23 78 4
23 81 3
23 88 3
23 91 3
23 96 2
23 98 4
24 26 4
24 28 2
24 29 1
24 31 9
24 32 4
24 40 4
24 43 10
24 46 9
24 58 7
24 59 10
24 60 9
24 64 5
24 66 5
24 67 -4
24 73 4
24 77 9
24 81 9
24 84 3
24 86 8
24 89 6
24 94 4
24 99 7
25 29 1
25 36 9
25 39 5
25 43 3
25 47 9
25 51 2
25 53 8
25 56 -3
25 57 2
25 61 1
25 64 -1
25 65 3
25 66 5
25 68 -1
25 70 8
25 74 5
25 77 1
25 78 1
25 80 9
25 92 9
25 93 4
26 33 5
26 34 4
26 38 1
26 43 7
26 44 -4
26 56 2
26 57 2
26 61 5
26 62 3
26 64 6
26 66 10
26 73 1
26 76 4
26 77 2
26 80 4
26 85 7
26 87 10
26 93 4
27 31 10
27 34 10
27 38 -2
27 40 2
27 42 2
27 71 -5
27 82 9
27 84 10
27 94 8
27 95 8
28 33 3
28 38 5
28 43 1
28 44 8
28 55 4
28 56 3
28 62 2
28 66 8
28 67 10
28 71 3
28 72 -9
29 31 9
29 32 10
29 35 9
29 36 -6
29 40 6
29 41 8
29 50 8
29 59 7
29 77 10
29 78 1
29 79 7
29 85 7
29 93 1
29 95 1
30 41 4
30 42 6
30 43 1
30 53 6
30 54 8
30 56 6
30 59 3
30 69 8
30 72 9
30 73 5
30 83 5
30 89 8
30 94 1
30 95 5
30 97 6
30 98 9
30 99 4
31 33 2
31 40 5
31 45 4
31 49 6
31 64 10
31 65 5
31 72 1
31 76 8
31 77 1
31 79 6
31 83 9
31 91 2
32 34 3
32 42 3
32 44 1
32 50 2
32 57 6
32 67 5
32 78 4
32 91 10
32 94 1
32 95 9
33 37 3
33 43 8
33 62 2
33 70 8
33 72 10
33 75 3
33 77 1
33 82 3
33 86 2
34 35 9
34 37 1
34 38 10
34 40 10
34 47 6
34 49 1
34 51 7
34 54 10
34 55 8
34 57 6
34 59 5
34 66 5
34 72 1
34 74 10
34 79 8
34 86 3
34 90 3
34 91 9
35 40 5
35 47 1
35 49 6
35 57 9
35 66 2
35 68 8
35 79 4
35 86 1
35 87 3
35 88 2
35 93 3
35 94 4
36 39 8
36 42 4
36 52 10
36 69 1
36 72 8
36 73 2
36 78 4
36 82 3
37 40 3
37 55 5
37 56 10
37 58 4
37 61 7
37 65 6
37 67 4
37 72 4
37 74 9
37 75 9
37 77 1
37 92 9
38 40 8
38 43 9
38 44 7
38 45 5
38 47 7
38 48 3
38 52 2
38 54 3
38 56 7
38 63 5
38 64 4
38 68 8
38 70 7
38 74 1
38 78 2
38 80 5
38 83 1
38 85 6
38 86 -7
38 91 9
39 40 2
39 42 1
39 47 3
39 50 5
39 53 5
39 54 6
39 59 6
39 61 1
39 62 9
39 65 6
39 66 6
39 69 2
39 72 3
39 73 9
39 77 4
39 80 -2
39 85 8
39 91 6
39 93 4
40 61 10
40 63 -1
40 68 5
40 69 4
40 76 6
40 80 3
40 85 3
40 93 9
41 43 1
41 44 5
41 53 3
41 65 6
41 66 9
41 74 5
41 79 1
41 80 2
41 83 5
41 87 6
41 90 8
41 91 1
41 98 4
42 50 9
42 53 9
42 54 4
42 56 1
42 58 10
42 63 8
42 65 10
42 66 10
42 67 6
42 69 6
42 74 6
42 76 2
42 81 2
42 96 1
43 44 3
43 50 7
43 59 1
43 64 4
43 66 4
43 70 10
43 79 1
43 86 9
43 87 8
43 88 10
43 94 7
43 99 2
44 56 10
44 60 6
44 62 2
44 66 9
44 71 10
44 76 9
44 78 10
44 92 6
44 93 7
44 94 10
44 97 10
45 48 10
45 61 6
45 65 7
45 73 9
45 74 9
45 79 8
45 83 10
45 94 1
45 97 2
46 49 10
46 61 10
46 62 5
46 67 4
46 68 5
46 69 -1
46 70 2
46 75 7
46 80 6
46 84 8
46 87 3
46 91 1
47 48 5
47 57 2
47 58 8
47 73 6
47 75 8
47 76 10
47 77 2
47 79 4
47 82 1
47 99 8
48 49 10
48 50 5
48 57 5
48 60 3
48 65 6
48 73 5
48 75 6
48 84 2
48 86 4
48 88 3
48 93 6
48 99 1
49 52 4
49 56 10
49 62 5
49 64 2
49 71 10
49 78 1
49 89 2
50 56 7
50 58 4
50 61 2
50 63 9
50 64 6
50 67 -7
50 70 7
50 72 8
50 80 4
50 83 -1
50 86 2
50 87 5
50 88 5
50 93 2
50 94 7
50 95 7
50 99 10
51 52 3
51 57 2
51 62 1
51 66 8
51 69 1
51 73 4
51 79 7
51 91 6
51 92 -8
51 97 4
51 99 3
52 53 6
52 55 6
52 57 1
52 60 8
52 63 8
52 69 1
52 70 6
52 78 3
52 79 9
52 91 1
52 94 8
52 98 10
52 99 -2
53 54 5
53 60 5
53 62 9
53 65 5
53 70 1
53 71 1
53 73 5
53 97 6
54 57 9
54 59 1
54 66 7
54 67 2
54 69 6
54 76 3
54 82 8
54 85 6
54 92 10
54 97 -3
54 99 2
55 63 10
55 87 -10
55 91 9
55 94 10
55 95 1
55 98 4
55 99 5
56 58 7
56 59 2
56 60 4
56 64 4
56 68 2
56 70 8
56 75 1
56 82 5
56 94 1
57 59 2
57 67 10
57 69 10
57 79 6
57 82 2
57 84 10
57 88 6
57 89 7
57 94 9
58 68 7
58 74 9
58 75 3
58 79 4
58 81 5
58 87 3
58 90 6
58 97 8
58 98 -8
58 99 9
59 69 9
59 76 6
59 83 3
59 84 7
59 86 4
59 87 8
59 88 1
59 89 5
59 90 -4
59 94 3
60 74 10
60 79 6
60 83 6
60 93 8
60 94 2
61 69 7
61 73 8
61 80 3
61 81 4
61 90 1
61 94 4
61 99 10
62 63 9
62 64 8
62 65 2
62 71 2
62 72 1
62 75 10
62 99 1
63 65 5
63 66 6
63 72 6
63 73 8
63 74 8
63 76 7
63 80 4
63 88 10
63 92 10
63 95 4
63 98 5
64 72 1
64 75 5
64 80 9
64 81 5
64 88 4
64 91 10
64 92 3
64 97 7
65 66 7
65 68 -1
65 70 5
65 71 2
65 74 5
65 75 1
65 77 9
65 81 10
65 89 -1
65 99 6
66 68 -7
66 78 4
66 80 6
66 82 5
66 87 8
66 88 10
66 96 10
67 68 6
67 69 7
67 70 10
67 73 5
67 74 2
67 92 5
67 95 10
68 72 10
68 74 10
68 77 9
68 79 10
68 82 4
68 84 3
68 90 6
68 98 10
69 73 3
69 82 1
69 86 9
69 91 2
69 94 1
69 96 -2
69 97 2
69 99 4
70 74 2
70 85 8
71 73 1
71 74 10
71 75 1
71 76 1
71 80 7
71 82 1
71 98 10
72 74 7
72 76 8
72 79 3
72 91 1
72 97 9
73 83 5
73 90 8
73 91 3
73 93 1
73 95 8
73 97 7
74 78 3
74 84 9
74 88 9
74 90 1
74 91 10
74 92 4
74 95 4
74 96 6
75 78 4
75 82 5
75 94 -6
75 95 9
75 98 7
76 77 8
76 82 3
76 89 2
76 90 1
76 95 9
77 88 -2
77 89 6
77 90 7
78 87 10
78 90 4
78 94 3
79 83 5
79 85 8
79 89 5
79 92 1
79 95 5
79 97 7
80 82 6
80 91 4
80 93 -5
80 94 9
81 83 9
81 84 7
81 88 7
81 90 2
81 91 2
82 84 3
82 91 5
82 95 3
82 96 2
83 84 4
83 91 6
83 97 2
83 99 6
84 93 9
84 94 3
85 86 2
85 90 -4
85 93 5
85 98 8
85 99 6
86 96 9
86 97 1
87 93 5
88 93 8
89 94 10
89 96 3
90 95 9
91 98 8
91 99 7
92 95 7
94 97 5
94 98 9
95 98 4
95 99 1
97 98 5
97 99 6
98 99 7
100 1050
0 1 5
0 3 4
0 4 8
0 6 10
0 13 3
0 16 -5
0 17 3
0 20 7
0 22 9
0 24 8
0 25 8
0 30 10
0 38 3
0 42 3
0 45 3
0 52 4
0 54 8
0 55 7
0 57 -3
0 59 7
0 63 5
0 66 9
0 70 7
0 77 1
0 80 -1
0 81 10
0 83 7
0 86 6
0 87 2
0 89 3
0 92 1
1 4 9
1 7 10
1 13 9
1 15 9
1 17 8
1 20 5
1 28 10
1 32 4
1 35 4
1 48 8
1 55 4
1 59 7
1 68 2
1 69 4
1 76 6
1 77 1
1 79 1
1 86 9
1 95 6
1 96 7
2 3 3
2 16 5
2 19 7
2 20 6
2 21 10
2 22 1
2 24 9
2 30 3
2 33 10
2 38 6
2 40 7
2 43 3
2 54 6
2 64 6
2 70 8
2 80 6
2 81 5
2 88 4
2 90 -6
3 4 3
3 5 6
3 7 4
3 8 5
3 9 10
3 17 7
3 19 8
3 20 8
3 21 1
3 27 10
3 32 -6
3 33 3
3 37 5
3 42 6
3 43 8
3 57 6
3 61 5
3 68 2
3 72 6
3 73 6
3 79 3
3 81 6
3 83 6
3 88 4
3 97 6
4 5 3
4 6 2
4 7 2
4 9 7
4 17 8
4 21 8
4 24 5
4 26 5
4 28 5
4 32 6
4 39 5
4 40 9
4 44 8
4 51 5
4 52 1
4 62 9
4 67 2
4 70 9
4 82 7
4 85 4
4 86 7
5 7 5
5 17 7
5 21 4
5 26 7
5 27 10
5 30 7
5 33 9
5 40 3
5 45 7
5 48 4
5 52 6
5 56 7
5 57 8
5 59 1
5 62 3
5 63 7
5 64 3
5 70 -9
5 71 4
5 79 1
5 80 4
5 88 1
5 97 5
6 11 -1
6 12 2
6 14 1
6 19 5
6 28 3
6 33 7
6 36 8
6 40 8
6 44 9
6 49 8
6 51 4
6 56 -4
6 57 2
6 60 9
6 61 3
6 67 1
6 74 2
6 75 -3
6 79 5
6 81 2
6 84 5
6 89 1
6 97 5
6 99 1
7 24 -7
7 33 9
7 52 5
7 55 7
7 56 3
7 76 1
7 80 7
7 82 5
7 85 8
7 88 3
7 93 8
8 11 5
8 12 2
8 13 8
8 17 2
8 22 3
8 24 8
8 30 4
8 35 5
8 36 2
8 41 1
8 43 5
8 47 2
8 49 6
8 52 3
8 60 8
8 64 9
8 65 3
8 66 4
8 70 7
8 78 10
8 79 -6
8 82 10
9 10 7
9 21 10
9 23 6
9 24 7
9 28 3
9 30 7
9 32 7
9 35 9
9 37 1
9 41 -9
9 49 6
9 53 5
9 56 1
9 58 4
9 66 5
9 71 6
9 72 3
9 82 4
9 83 10
9 94 3
9 95 4
10 11 9
10 12 4
10 17 8
10 22 4
10 24 1
10 31 5
10 35 3
10 51 5
10 52 8
10 62 6
10 64 -8
10 67 7
10 75 4
10 80 5
10 82 6
10 85 1
10 86 4
10 91 6
10 93 -6
11 19 3
11 20 5
11 43 2
11 73 10
11 76 7
11 80 1
11 86 7
11 87 5
11 88 5
11 98 9
12 13 7
12 19 6
12 22 7
12 23 3
12 25 10
12 26 1
12 31 9
12 32 4
12 33 3
12 36 10
12 43 4
12 48 2
12 56 8
12 58 2
12 64 -4
12 77 9
12 80 2
12 81 6
12 84 10
12 92 8
12 93 1
13 15 7
13 20 9
13 26 5
13 31 8
13 35 7
13 39 10
13 49 4
13 50 6
13 51 9
13 53 8
13 56 4
13 57 2
13 67 2
13 73 9
13 80 -3
13 83 4
13 84 8
13 85 10
13 89 3
13 98 9
14 21 4
14 32 4
14 35 7
14 43 2
14 44 8
14 46 2
14 57 9
14 68 10
14 74 7
14 76 4
14 81 4
14 87 7
14 88 8
15 16 4
15 22 2
15 23 4
15 24 9
15 26 8
15 31 8
15 34 10
15 36 6
15 38 9
15 46 3
15 51 7
15 55 -5
15 57 9
15 62 9
15 64 4
15 66 4
15 67 8
15 71 10
15 75 3
15 77 1
15 80 8
15 81 8
15 82 7
15 95 5
15 96 9
16 20 4
16 23 -9
16 29 1
16 36 1
16 37 7
16 41 8
16 46 7
16 50 10
16 56 5
16 73 3
16 75 5
16 79 5
16 89 8
17 23 8
17 33 3
17 34 3
17 36 3
17 43 6
17 44 8
17 46 4
17 52 6
17 54 7
17 59 4
17 61 6
17 63 4
17 77 2
17 79 7
17 80 3
17 81 3
17 89 8
17 91 4
18 19 -10
18 20 2
18 21 8
18 23 7
18 28 10
18 33 3
18 38 1
18 39 9
18 44 1
18 49 3
18 51 8
18 56 2
18 58 5
18 67 10
18 68 2
18 70 3
18 83 4
18 87 9
18 97 5
19 24 2
19 26 8
19 32 4
19 35 4
19 37 10
19 39 5
19 45 1
19 48 2
19 52 6
19 53 2
19 60 5
19 63 1
19 65 5
19 66 7
19 88 4
19 93 10
19 98 7
19 99 2
20 25 4
20 37 2
20 45 7
20 46 3
20 54 7
20 55 1
20 62 1
20 65 7
20 74 4
20 75 10
20 79 9
20 80 10
20 84 4
20 99 2
21 28 7
21 29 -6
21 30 4
21 39 9
21 55 7
21 57 6
21 58 6
21 63 7
21 69 10
21 76 8
21 81 7
21 84 9
21 85 5
21 97 5
21 99 4
22 24 4
22 27 9
22 28 -9
22 30 5
22 35 10
22 42 8
22 49 8
22 50 5
22 52 10
22 53 4
22 61 1
22 63 4
22 68 5
22 75 -6
22 77 9
22 83 5
22 88 1
22 90 4
22 93 6
22 94 9
22 95 4
22 97 3
22 99 3
23 26 8
23 34 6
23 35 6
23 41 -2
23 55 10
23 56 5
23 62 8
23 64 2
23 65 4
23 68 10
23 74 5
23 75 3
23 78 1
23 81 5
23 87 9
23 90 -10
23 96 6
23 98 2
24 25 7
24 27 5
24 29 7
24 30 10
24 31 8
24 32 2
24 40 10
24 51 10
24 52 10
24 54 10
24 61 7
24 62 1
24 69 8
24 72 8
24 83 5
24 84 7
25 26 6
25 36 2
25 38 10
25 40 8
25 56 10
25 63 2
25 64 9
25 65 8
25 73 8
25 90 3
25 95 10
25 96 9
26 31 5
26 34 4
26 50 8
26 51 6
26 52 10
26 64 6
26 67 4
26 69 3
26 72 6
26 79 9
26 83 4
26 95 3
26 97 6
26 99 2
27 36 4
27 37 6
27 56 10
27 59 3
27 68 8
27 78 9
27 83 2
27 84 10
27 86 6
27 96 6
27 97 10
27 98 2
28 31 -8
28 32 9
28 42 8
28 43 9
28 45 2
28 46 9
28 47 1
28 49 5
28 66 1
28 71 8
28 72 5
28 83 7
28 86 9
28 95 8
28 98 1
29 31 4
29 65 1
29 73 5
29 85 8
29 87 2
29 89 1
29 95 5
29 96 8
30 31 10
30 40 3
30 46 1
30 49 5
30 53 7
30 58 10
30 59 3
30 61 7
30 62 4
30 67 6
30 74 -9
30 78 6
30 86 3
30 94 9
30 99 6
31 34 9
31 35 10
31 38 7
31 39 10
31 44 8
31 50 7
31 53 9
31 54 6
31 64 2
31 73 10
31 74 9
31 82 6
31 84 6
31 93 7
32 42 3
32 43 3
32 47 6
32 50 6
32 59 8
32 65 8
32 67 3
32 70 4
32 71 2
32 74 2
32 75 4
32 77 8
32 90 6
32 97 1
32 98 1
33 44 7
33 46 1
33 56 -4
33 58 7
33 70 -7
33 75 4
33 78 4
33 81 10
33 92 4
33 94 5
33 99 3
34 40 10
34 52 -7
34 58 4
34 61 4
34 75 8
34 86 9
34 87 10
34 89 10
34 90 10
34 92 2
34 95 10
34 98 8
35 40 2
35 41 7
35 43 8
35 44 6
35 45 6
35 48 6
35 51 1
35 60 9
35 65 3
35 67 2
35 72 4
35 76 8
35 93 10
35 98 7
36 40 8
36 47 8
36 52 2
36 61 9
36 68 9
36 70 5
36 71 4
36 74 5
36 78 10
36 86 9
36 89 2
36 91 3
36 92 1
36 94 6
37 42 5
37 44 2
37 52 9
37 53 4
37 63 -4
37 64 -10
37 71 2
37 72 10
37 74 8
37 76 9
37 77 7
37 83 10
37 84 3
37 87 5
37 89 8
37 91 4
37 92 9
37 94 2
38 43 -10
38 48 5
38 64 7
38 68 7
38 69 10
38 71 9
38 73 8
38 75 -5
38 77 5
38 89 2
38 95 10
39 48 9
39 50 5
39 62 3
39 69 7
39 74 5
39 76 -7
39 89 4
39 92 7
39 94 3
39 99 2
40 47 5
40 48 5
40 53 5
40 63 9
40 72 7
40 74 6
40 75 1
40 79 10
40 80 7
40 84 2
40 89 10
40 93 8
40 96 7
40 98 8
41 52 6
41 56 7
41 58 2
41 63 3
41 65 7
41 66 3
41 72 10
41 73 1
41 88 1
41 95 7
41 96 3
41 97 8
42 44 10
42 46 1
42 53 8
42 54 9
42 55 1
42 58 10
42 80 7
42 84 9
42 85 6
42 89 8
42 94 4
42 96 9
42 97 7
43 47 10
43 49 10
43 52 6
43 58 10
43 67 3
43 68 6
43 77 3
43 80 3
43 84 10
43 86 1
43 99 8
44 47 6
44 55 10
44 57 10
44 60 6
44 63 1
44 65 2
44 68 7
44 69 6
44 82 2
44 96 1
44 97 2
44 99 1
45 49 7
45 50 -2
45 53 6
45 54 10
45 57 9
45 60 4
45 74 2
45 75 10
45 76 -6
45 77 9
45 83 3
45 84 10
45 87 7
45 89 1
45 90 6
45 92 3
45 94 7
46 47 2
46 58 6
46 60 3
46 68 2
46 70 3
46 84 6
46 88 1
46 95 9
47 53 5
47 64 7
47 67 1
47 68 10
47 70 10
47 79 5
47 83 1
47 92 4
47 93 3
47 96 4
48 64 3
48 66 4
48 74 8
48 76 -7
48 79 1
48 80 7
48 83 4
48 87 1
48 89 1
48 98 3
49 63 5
49 65 10
49 66 2
49 84 9
49 85 1
49 88 7
49 91 10
50 58 4
50 60 8
50 74 -2
50 80 1
50 85 9
50 91 9
50 93 9
51 57 2
51 58 1
51 60 3
51 64 1
51 66 5
51 68 6
51 73 3
51 81 3
51 83 1
51 89 10
51 90 -3
51 91 2
51 96 10
51 98 7
51 99 3
52 62 3
52 70 2
52 71 3
52 82 9
52 83 4
52 84 6
52 87 5
52 89 -1
52 90 6
52 92 1
52 93 5
52 95 3
52 97 1
53 57 3
53 58 8
53 59 10
53 67 3
53 74 6
53 83 9
53 84 5
53 90 9
53 91 7
53 92 7
53 94 5
53 95 7
53 98 5
54 60 8
54 71 10
54 94 9
54 98 7
55 56 4
55 59 8
55 63 2
55 67 4
55 75 4
55 76 10
55 77 6
55 83 2
55 84 8
55 94 1
56 57 10
56 58 2
56 61 8
56 64 4
56 66 2
56 67 5
56 71 7
56 72 8
56 79 9
56 86 5
56 87 8
56 88 7
56 89 8
56 91 7
56 94 -9
57 58 6
57 59 10
57 71 2
57 75 4
57 81 3
57 87 3
57 99 7
58 62 2
58 65 10
58 71 7
58 72 1
58 75 10
58 80 9
58 84 -10
58 86 4
58 87 3
58 91 5
58 98 2
58 99 10
59 63 1
59 64 6
59 66 7
59 68 6
59 72 10
59 77 5
59 80 10
59 81 4
59 82 10
59 88 7
59 89 9
59 90 5
59 95 1
60 61 8
60 68 2
60 69 5
60 72 1
60 77 8
60 83 8
60 86 5
60 87 1
60 88 6
60 90 10
60 93 6
61 66 10
61 68 8
61 75 8
61 85 2
61 91 8
61 95 8
61 97 9
61 98 4
62 65 4
62 67 1
62 70 9
62 71 10
62 72 8
62 73 4
62 76 7
62 85 8
62 86 7
62 89 1
62 91 3
62 96 9
62 99 4
63 67 6
63 75 4
63 81 10
63 82 4
64 71 4
64 74 2
64 79 3
64 86 6
64 89 7
64 92 1
64 93 9
65 67 8
65 71 1
65 72 5
65 74 3
65 76 9
65 84 7
65 95 5
65 96 3
66 68 5
66 76 1
66 78 -10
66 85 -8
66 87 4
66 90 4
66 92 9
67 68 8
67 69 1
67 70 9
67 80 8
67 81 10
67 82 10
67 97 10
67 98 4
67 99 -2
68 69 3
68 72 7
68 74 9
68 76 -6
68 77 2
68 82 1
68 87 8
68 99 2
69 83 7
69 87 2
69 93 2
70 76 7
70 77 10
70 85 3
70 89 5
70 92 4
70 96 -1
71 74 10
71 89 2
71 90 10
71 92 6
71 97 4
72 76 5
72 78 2
72 82 6
72 87 5
73 81 7
73 84 8
73 86 5
73 88 9
74 82 10
74 84 6
75 87 4
75 97 4
76 79 6
76 98 4
77 88 5
77 92 6
78 82 5
78 92 5
78 93 8
79 80 7
79 82 8
79 83 5
79 89 -8
79 94 3
80 85 7
80 86 3
80 99 2
81 83 7
81 92 5
81 96 2
81 97 6
82 83 5
82 84 10
82 86 1
82 90 7
82 92 3
82 94 1
82 95 10
83 92 6
83 93 9
84 85 -5
84 94 3
84 95 4
85 86 4
85 88 9
85 97 -7
85 98 9
86 90 2
86 92 10
87 90 1
87 99 8
88 90 3
88 92 9
88 94 6
88 98 9
91 93 9
91 98 2
92 97 4
93 94 10
93 96 5
94 96 2
94 97 10
94 98 6
94 99 2
100 1050
0 4 3
0 9 8
0 12 -2
0 13 6
0 20 4
0 24 1
0 29 6
0 33 3
0 36 9
0 39 1
0 44 7
0 53 8
0 54 4
0 59 7
0 63 7
0 69 6
0 75 1
0 80 2
0 81 10
0 88 9
0 94 9
0 95 1
1 2 8
1 7 10
1 9 5
1 10 4
1 14 6
1 18 3
1 19 1
1 20 6
1 22 7
1 27 8
1 34 10
1 41 7
1 43 10
1 46 1
1 47 2
1 52 6
1 66 2
1 72 4
1 74 10
1 81 3
1 86 10
1 95 -9
2 3 4
2 9 8
2 15 8
2 27 1
2 31 1
2 43 9
2 49 10
2 50 8
2 62 9
2 69 6
2 70 2
2 72 10
2 75 10
2 77 4
2 79 3
2 81 4
2 90 5
2 94 -1
2 95 9
2 96 7
3 4 10
3 19 10
3 29 3
3 32 10
3 33 1
3 41 8
3 43 -1
3 46 3
3 49 1
3 58 6
3 62 10
3 63 5
3 66 3
3 68 6
3 76 2
3 84 7
3 85 2
3 89 2
3 96 7
3 98 7
4 5 9
4 6 7
4 7 8
4 11 2
4 31 3
4 32 1
4 43 1
4 47 5
4 52 -10
4 67 4
4 72 5
4 73 3
4 83 1
4 87 4
4 89 5
4 99 4
5 17 4
5 18 7
5 20 10
5 24 7
5 26 3
5 28 5
5 30 9
5 39 2
5 40 3
5 43 2
5 45 3
5 46 1
5 53 3
5 71 -10
5 87 -9
5 90 8
5 92 10
5 96 4
5 98 3
6 7 7
6 9 9
6 11 10
6 17 1
6 18 6
6 27 7
6 30 1
6 34 3
6 43 -3
6 49 9
6 54 2
6 58 7
6 63 9
6 67 2
6 93 4
6 96 7
6 98 3
7 9 2
7 16 1
7 17 3
7 25 1
7 32 2
7 60 10
7 61 10
7 67 1
7 70 9
7 74 9
7 76 2
7 78 9
7 86 7
7 93 -2
7 94 10
7 98 3
8 11 7
8 13 2
8 17 7
8 19 3
8 25 9
8 26 8
8 40 7
8 50 9
8 54 10
8 55 7
8 61 8
8 68 6
8 71 2
8 74 3
8 76 9
8 79 3
8 80 7
8 81 8
8 83 4
8 86 1
8 94 1
8 98 9
9 10 10
9 14 4
9 16 2
9 19 4
9 27 4
9 53 2
9 64 6
9 65 3
9 67 3
9 70 1
9 73 10
9 77 6
9 81 1
9 87 7
9 88 5
9 89 6
9 95 2
9 96 5
9 97 4
10 19 2
10 20 6
10 25 4
10 32 6
10 35 4
10 42 5
10 45 8
10 46 4
10 50 6
10 51 2
10 53 6
10 56 -6
10 57 8
10 76 5
10 78 5
10 88 8
10 89 6
10 99 4
11 14 8
11 16 1
11 29 8
11 33 7
11 36 9
11 45 5
11 49 10
11 53 7
11 55 7
11 59 1
11 60 6
11 75 4
11 77 -6
11 79 7
11 86 1
11 89 2
11 91 10
11 95 4
12 20 1
12 22 9
12 27 -9
12 35 8
12 41 6
12 43 4
12 57 6
12 59 8
12 60 1
12 64 9
12 65 6
12 68 1
12 73 6
12 78 3
12 87 5
12 88 2
12 89 8
12 95 9
12 98 9
13 22 10
13 23 4
13 38 3
13 40 6
13 41 5
13 53 6
13 57 7
13 62 8
13 66 4
13 87 -9
13 90 10
13 91 1
13 92 9
13 95 2
13 96 1
13 98 7
14 24 10
14 30 4
14 39 1
14 41 1
14 42 7
14 48 5
14 49 10
14 51 9
14 52 7
14 53 6
14 54 2
14 64 3
14 73 5
14 76 2
14 81 8
14 82 3
14 83 1
14 84 -7
14 88 5
14 91 6
14 98 10
15 16 -1
15 17 -7
15 30 9
15 33 6
15 35 -2
15 43 9
15 54 9
15 68 9
15 71 6
15 72 5
15 75 10
15 79 8
15 81 2
15 88 1
15 93 7
16 17 9
16 18 7
16 26 5
16 28 8
16 32 8
16 34 7
16 36 6
16 41 5
16 44 5
16 60 2
16 62 9
16 64 1
16 71 10
16 84 10
16 88 10
16 93 10
17 22 10
17 34 3
17 37 10
17 38 1
17 40 1
17 42 2
17 44 6
17 49 5
17 51 8
17 52 4
17 57 7
17 71 8
17 72 6
17 77 6
17 80 8
17 85 3
17 86 7
17 99 9
18 20 7
18 27 8
18 30 7
18 32 3
18 33 8
18 35 8
18 46 8
18 50 10
18 52 5
18 57 8
18 58 7
18 63 6
18 69 2
18 73 7
18 75 2
18 79 7
18 85 5
18 86 4
18 89 -7
18 94 4
18 96 5
18 97 6
18 99 2
19 28 9
19 35 5
19 36 8
19 38 7
19 45 9
19 46 6
19 49 4
19 52 5
19 54 7
19 56 8
19 58 4
19 59 2
19 66 2
19 69 9
19 71 10
19 75 -7
19 77 3
19 82 10
19 83 5
19 85 1
19 89 1
19 96 8
19 97 8
19 98 4
20 24 8
20 29 8
20 31 3
20 34 5
20 36 -7
20 41 3
20 48 3
20 49 6
20 50 8
20 51 3
20 54 3
20 56 4
20 63 2
20 71 5
20 77 6
20 83 6
20 84 7
20 85 6
20 89 8
20 99 1
21 25 5
21 31 9
21 34 6
21 35 10
21 38 10
21 45 3
21 46 8
21 49 6
21 52 9
21 61 7
21 63 -4
21 69 8
21 72 8
21 84 10
21 90 1
21 96 8
22 23 3
22 35 5
22 51 3
22 60 9
22 62 -10
22 64 3
22 68 6
22 74 4
22 80 1
22 85 5
22 87 9
22 89 1
22 91 1
23 25 3
23 32 -7
23 38 5
23 45 8
23 50 2
23 51 10
23 60 9
23 70 8
23 71 2
23 85 10
23 89 7
23 90 5
23 94 3
23 98 5
24 26 1
24 29 7
24 31 4
24 35 2
24 36 10
24 58 9
24 62 8
24 71 1
24 72 9
24 74 5
24 76 10
24 77 7
24 85 1
24 88 2
24 90 3
24 95 10
25 30 9
25 32 6
25 34 1
25 40 9
25 44 10
25 45 4
25 47 5
25 51 10
25 59 7
25 65 8
25 68 10
25 75 4
25 83 4
25 96 8
26 31 5
26 34 5
26 35 6
26 39 3
26 40 -6
26 44 1
26 45 2
26 52 9
26 58 4
26 74 9
26 83 1
26 86 4
26 89 10
26 91 4
26 92 3
27 31 10
27 33 5
27 34 4
27 37 4
27 40 9
27 42 2
27 50 5
27 52 3
27 53 4
27 58 4
27 63 1
27 64 9
27 69 9
27 74 4
27 77 7
27 80 4
27 85 4
27 86 2
27 95 1
27 97 6
28 31 9
28 47 9
28 52 7
28 53 10
28 56 4
28 59 4
28 62 8
28 76 1
28 78 7
28 81 10
28 83 7
28 87 1
28 89 9
28 91 8
28 97 7
29 36 3
29 40 2
29 41 5
29 44 -4
29 48 2
29 50 5
29 55 9
29 56 7
29 70 8
29 75 5
29 91 4
29 96 6
29 97 5
30 34 9
30 41 4
30 44 10
30 57 4
30 58 3
30 62 10
30 66 2
30 67 1
30 79 2
30 81 1
30 84 4
30 86 5
30 92 3
30 93 -2
31 32 10
31 39 -1
31 41 2
31 42 8
31 43 7
31 44 1
31 47 3
31 58 9
31 60 9
31 79 4
31 82 10
31 83 4
31 88 10
31 89 6
31 98 6
32 36 10
32 42 2
32 43 7
32 58 10
32 64 1
32 66 5
32 76 -4
32 86 9
32 89 4
32 95 3
32 96 10
32 98 6
33 41 9
33 50 9
33 59 9
33 60 9
33 61 5
33 62 2
33 63 7
33 64 6
33 66 7
33 70 8
33 77 2
33 81 5
33 88 10
33 92 1
34 36 6
34 44 -7
34 49 9
34 53 8
34 55 10
34 67 10
34 74 3
34 75 3
34 79 9
34 82 5
34 88 8
34 89 1
34 92 2
34 94 6
34 95 10
35 38 5
35 45 8
35 46 3
35 48 1
35 51 9
35 58 3
35 60 7
35 65 -5
35 66 4
35 67 -9
35 69 -8
35 70 4
35 76 5
35 79 9
35 80 8
35 86 3
35 88 4
35 90 4
35 92 8
35 96 2
35 97 1
36 43 4
36 48 7
36 59 3
36 60 7
36 63 1
36 64 -4
36 65 7
36 67 8
36 71 2
36 72 2
36 74 9
36 76 -6
36 80 4
36 88 3
36 90 8
37 40 7
37 45 3
37 46 2
37 47 7
37 48 5
37 49 1
37 60 10
37 64 3
37 70 5
37 76 -2
37 78 4
37 82 3
37 83 4
37 84 5
37 89 5
37 90 5
37 92 6
37 94 4
37 95 2
37 98 7
38 44 7
38 45 -5
38 56 10
38 60 1
38 69 7
38 70 2
38 88 4
39 46 10
39 47 10
39 52 5
39 54 4
39 69 5
39 80 8
39 81 5
39 82 1
39 97 10
40 42 7
40 48 6
40 57 3
40 65 8
40 72 1
40 73 3
40 78 1
40 79 4
40 83 2
40 88 4
41 44 3
41 46 7
41 49 8
41 50 -1
41 56 9
41 58 1
41 59 1
41 60 6
41 93 4
41 95 2
41 98 9
42 43 7
42 45 4
42 49 6
42 54 1
42 57 5
42 63 3
42 77 4
42 88 4
42 93 3
42 98 10
43 53 3
43 54 10
43 57 10
43 58 1
43 61 4
43 67 9
43 73 6
43 74 7
43 81 6
43 82 7
43 83 2
43 86 8
43 89 8
43 91 10
43 94 3
43 96 3
44 52 7
44 57 10
44 59 7
44 60 1
44 65 4
44 66 5
44 67 3
44 71 8
44 76 8
44 77 10
44 79 10
44 82 5
44 84 8
44 88 6
44 94 8
45 47 4
45 56 4
45 59 8
45 64 1
45 68 8
45 98 1
46 66 3
46 69 2
46 71 3
46 78 8
46 80 10
46 85 2
46 86 4
46 90 6
46 95 6
46 99 3
47 50 2
47 63 9
47 64 4
47 66 8
47 67 8
47 70 4
47 78 1
47 92 2
48 51 2
48 61 9
48 65 9
48 75 2
48 82 2
48 84 10
48 87 2
48 92 7
48 95 1
48 96 9
48 98 7
49 55 10
49 60 7
49 62 10
49 78 1
49 81 4
49 82 1
49 83 4
49 86 8
49 89 3
49 96 9
50 60 5
50 61 7
50 63 7
50 69 7
50 73 9
50 74 6
50 78 2
50 81 9
50 82 10
50 83 1
50 88 5
50 98 9
51 69 4
51 70 8
51 83 9
51 84 7
51 86 5
51 92 4
51 96 2
51 99 7
52 53 1
52 74 8
52 75 2
52 88 9
52 89 1
52 92 8
53 61 10
53 64 7
53 70 1
53 71 10
53 77 2
53 81 7
53 82 3
53 91 2
54 57 3
54 73 9
54 79 4
54 81 10
54 90 9
54 96 7
55 59 1
55 66 2
55 71 2
55 79 7
55 87 8
55 88 7
56 63 8
56 64 2
56 68 7
56 69 8
56 77 7
56 82 5
56 85 8
56 90 4
56 91 6
56 94 6
56 97 5
57 65 3
57 67 8
57 76 4
57 77 5
57 86 6
57 91 4
57 93 7
57 95 6
58 64 4
58 77 1
58 78 3
58 79 5
58 80 4
58 88 4
58 92 1
58 96 4
58 98 2
59 64 1
59 69 4
59 79 -4
59 81 10
59 94 10
59 96 4
59 99 9
60 61 -9
60 64 2
60 66 5
60 70 6
60 73 5
60 92 9
60 97 -2
61 65 7
61 66 4
61 71 4
61 78 9
61 80 6
61 84 3
61 86 8
61 89 10
61 90 6
61 96 6
62 71 6
62 74 6
62 77 6
62 87 9
62 91 2
62 99 10
63 65 3
63 78 1
63 81 2
63 87 4
63 89 9
63 94 10
63 97 5
64 72 7
64 80 1
64 81 -9
64 83 8
64 85 8
64 98 6
65 73 -10
65 80 7
65 88 9
65 89 3
65 92 6
65 93 1
65 96 4
66 70 2
66 71 8
66 72 -1
66 76 -1
66 77 2
66 82 3
66 88 7
66 92 9
66 97 9
66 98 8
66 99 8
67 68 9
67 69 5
67 72 7
67 73 8
67 82 9
67 87 6
67 88 -10
67 91 6
67 93 8
67 94 4
67 99 5
68 74 8
68 87 7
68 90 8
68 96 10
68 98 1
68 99 9
69 71 9
69 72 7
69 78 9
69 80 8
69 81 2
69 85 2
69 86 9
69 95 1
69 98 10
70 71 4
70 79 10
70 81 8
70 84 9
70 88 5
70 89 4
71 85 8
71 86 7
71 89 -3
71 92 6
71 93 7
71 97 2
72 77 2
72 79 2
72 83 4
72 87 5
72 90 3
73 74 6
73 78 4
73 79 9
73 82 2
73 91 5
73 94 10
73 96 4
73 97 9
73 99 3
74 76 1
74 78 4
74 79 4
74 81 9
74 83 -2
74 88 3
74 98 -6
75 76 5
75 77 10
75 79 8
75 81 7
75 84 8
75 89 7
75 90 5
75 93 8
75 95 1
75 97 8
75 99 9
76 85 8
76 86 5
76 88 2
76 91 7
76 98 3
77 80 4
77 83 7
77 87 9
77 89 9
77 91 2
77 93 3
78 82 7
78 97 4
78 98 8
79 82 5
79 86 5
79 89 4
79 95 7
80 81 3
80 86 5
80 93 2
80 95 8
80 96 7
81 85 3
81 89 1
81 91 3
81 92 8
81 94 7
82 99 8
83 87 1
83 89 10
83 90 1
83 93 6
83 94 10
84 86 9
84 89 3
84 99 -9
85 89 7
85 95 4
86 99 2
87 89 7
87 91 4
87 92 2
87 93 5
87 98 8
88 89 2
88 94 6
89 90 8
89 93 9
90 91 7
90 94 4
90 98 6
91 92 -4
92 96 10
93 94 4
93 97 9
94 95 9
94 96 1
96 97 8
100 1050
0 4 6
0 13 4
0 20 3
0 22 6
0 25 7
0 26 2
0 27 7
0 29 10
0 50 5
0 53 8
0 60 -6
0 61 2
0 64 9
0 69 8
0 77 2
0 78 10
0 79 2
0 81 5
0 83 3
0 86 4
0 93 -6
1 9 4
1 16 6
1 40 10
1 43 7
1 47 5
1 49 8
1 50 2
1 51 5
1 52 5
1 53 5
1 54 9
1 55 9
1 66 6
1 94 4
1 99 6
2 13 -5
2 17 7
2 31 7
2 32 10
2 39 1
2 41 6
2 44 4
2 53 6
2 54 9
2 63 5
2 66 3
2 71 1
2 80 6
2 85 4
2 89 8
2 97 8
3 4 -10
3 12 8
3 15 10
3 16 -7
3 17 2
3 21 -9
3 23 2
3 33 3
3 36 -1
3 37 9
3 41 9
3 63 4
3 65 3
3 66 3
3 67 10
3 68 4
3 77 9
3 78 7
3 86 4
3 99 6
4 8 10
4 10 7
4 14 1
4 20 3
4 23 7
4 25 6
4 30 1
4 44 5
4 56 1
4 59 6
4 60 5
4 65 8
4 69 4
4 70 5
4 73 8
4 77 9
4 78 7
4 79 9
4 80 1
4 82 4
4 86 6
4 89 8
4 93 1
4 94 6
4 99 6
5 7 1
5 8 9
5 9 5
5 12 6
5 17 2
5 35 6
5 39 2
5 47 9
5 54 10
5 55 9
5 60 6
5 62 8
5 64 6
5 66 5
5 67 10
5 78 8
5 87 -6
5 92 8
5 94 9
5 95 9
6 10 6
6 14 6
6 15 1
6 17 10
6 18 4
6 19 7
6 24 1
6 31 10
6 40 6
6 44 4
6 53 1
6 54 1
6 66 3
6 80 9
6 91 8
6 94 2
7 14 10
7 18 8
7 22 4
7 25 8
7 26 -2
7 29 4
7 32 9
7 35 3
7 38 10
7 40 9
7 42 -6
7 48 2
7 49 6
7 56 5
7 59 3
7 60 7
7 66 10
7 68 6
7 72 4
7 83 6
7 87 5
7 90 7
7 91 7
7 94 7
8 17 6
8 24 10
8 27 7
8 28 -5
8 29 3
8 34 3
8 35 3
8 38 6
8 42 8
8 47 6
8 67 9
8 71 8
8 75 9
8 77 6
8 86 7
8 87 9
8 93 2
9 15 5
9 16 10
9 17 8
9 18 8
9 26 4
9 28 10
9 31 9
9 32 4
9 33 1
9 39 5
9 41 1
9 44 6
9 47 10
9 50 5
9 64 1
9 67 8
9 75 6
9 87 3
9 93 3
9 98 8
10 12 5
10 16 -6
10 21 6
10 29 1
10 36 9
10 50 2
10 53 5
10 55 9
10 60 9
10 66 1
10 80 6
10 85 1
10 86 6
10 94 4
10 96 7
11 17 7
11 19 9
11 25 10
11 26 3
11 28 2
11 29 8
11 30 6
11 37 8
11 44 10
11 58 7
11 60 6
11 62 1
11 64 8
11 67 4
11 75 6
11 76 10
11 78 5
11 79 -4
11 83 5
11 85 7
11 98 10
12 29 4
12 38 7
12 43 3
12 49 5
12 61 6
12 63 2
12 65 9
12 71 10
12 75 1
12 79 3
12 80 4
12 89 4
13 18 5
13 20 10
13 25 5
13 27 6
13 32 2
13 33 3
13 37 -10
13 40 7
13 48 2
13 50 10
13 51 4
13 53 6
13 54 3
13 55 6
13 58 10
13 63 6
13 66 7
13 72 9
13 75 6
13 76 -2
13 78 4
13 85 7
13 86 3
13 90 8
13 92 8
13 98 6
14 21 6
14 53 -10
14 57 5
14 60 6
14 62 9
14 68 5
14 79 6
14 92 8
14 95 5
15 23 6
15 27 1
15 35 4
15 38 3
15 40 7
15 41 10
15 45 4
15 46 9
15 52 4
15 60 2
15 63 2
15 65 3
15 73 3
15 74 4
15 82 1
15 84 4
15 86 2
15 87 3
15 90 4
15 92 2
15 94 1
15 95 2
15 97 6
16 17 5
16 18 9
16 25 1
16 26 5
16 28 8
16 39 3
16 44 1
16 56 -6
16 65 2
16 75 4
16 79 4
16 89 -8
16 92 8
16 95 6
17 30 1
17 31 1
17 34 2
17 45 8
17 49 6
17 52 -9
17 60 10
17 87 5
17 90 7
17 95 9
18 21 3
18 23 3
18 24 8
18 28 7
18 29 10
18 30 -2
18 32 3
18 35 -2
18 38 6
18 41 4
18 45 7
18 46 9
18 54 1
18 81 3
18 84 1
18 85 1
18 91 9
18 92 1
18 94 7
18 95 5
18 97 7
19 28 2
19 37 5
19 41 5
19 42 4
19 51 1
19 58 8
19 61 3
19 63 9
19 65 7
19 77 5
19 78 10
19 81 4
19 84 8
19 88 2
19 93 7
19 99 10
20 22 10
20 38 1
20 43 5
20 47 4
20 50 4
20 53 5
20 66 3
20 70 8
20 71 2
20 77 10
20 80 5
20 92 4
20 97 1
21 25 7
21 36 8
21 38 8
21 43 8
21 50 6
21 52 10
21 54 7
21 60 -6
21 61 9
21 65 1
21 69 3
21 74 5
21 75 3
21 77 5
21 78 10
21 79 9
21 82 2
22 30 -9
22 38 9
22 39 8
22 48 4
22 59 8
22 68 5
22 75 2
22 77 5
22 82 6
22 86 8
22 88 2
22 90 3
22 98 6
23 37 6
23 38 10
23 39 2
23 40 8
23 44 6
23 55 7
23 57 8
23 63 8
23 66 7
23 68 4
23 76 1
23 92 1
23 93 5
23 96 5
24 27 7
24 31 3
24 34 4
24 35 5
24 36 6
24 43 3
24 44 2
24 45 10
24 49 3
24 57 6
24 64 8
24 69 4
24 74 3
24 78 8
24 80 7
24 85 7
24 92 8
25 27 4
25 31 6
25 34 1
25 41 5
25 44 1
25 58 8
25 59 8
25 66 -6
25 67 6
25 75 9
25 76 2
25 81 4
25 87 4
25 90 6
25 91 10
25 95 9
25 98 10
25 99 -7
26 39 8
26 42 5
26 44 3
26 49 9
26 53 2
26 62 2
26 63 8
26 66 6
26 71 6
26 90 4
27 28 8
27 31 10
27 40 9
27 43 6
27 48 9
27 52 1
27 66 6
27 70 9
27 73 9
27 89 8
27 93 7
27 99 6
28 31 5
28 32 4
28 37 5
28 45 9
28 48 3
28 55 5
28 56 7
28 58 5
28 62 1
28 67 5
28 73 4
28 79 7
28 84 2
28 85 1
28 86 1
28 90 4
28 94 8
28 95 8
29 30 7
29 32 3
29 36 -6
29 37 8
29 41 9
29 45 5
29 46 10
29 51 9
29 59 1
29 62 5
29 63 3
29 65 2
29 66 3
29 70 4
29 74 3
29 79 5
29 86 8
29 87 6
29 95 8
30 33 2
30 45 -10
30 49 1
30 50 7
30 53 -6
30 54 2
30 61 2
30 65 4
30 70 9
30 92 8
30 93 10
31 32 9
31 34 7
31 37 1
31 47 4
31 51 7
31 58 6
31 64 5
31 67 2
31 69 7
31 73 3
31 74 8
31 85 8
31 95 9
31 99 5
32 33 8
32 42 8
32 48 3
32 49 7
32 50 10
32 54 7
32 55 1
32 56 1
32 63 10
32 67 3
32 68 6
32 76 7
32 78 8
32 79 3
32 81 2
32 82 6
32 90 5
32 92 10
32 96 4
32 97 5
32 98 1
33 46 9
33 52 6
33 55 4
33 58 3
33 64 7
33 65 -8
33 72 1
33 74 5
33 85 5
33 87 6
33 94 5
33 95 9
33 97 -7
34 35 3
34 37 2
34 38 2
34 43 2
34 47 7
34 54 6
34 55 3
34 58 5
34 59 7
34 64 8
34 65 7
34 67 8
34 72 6
34 73 8
34 77 5
34 79 5
34 81 8
34 82 3
34 86 7
34 89 6
34 93 2
34 95 1
34 98 9
35 44 2
35 45 2
35 52 6
35 53 6
35 55 -9
35 60 3
35 61 3
35 63 4
35 67 2
35 72 8
35 73 3
35 75 1
35 81 4
35 84 6
35 85 8
35 87 1
35 95 8
35 99 6
36 50 3
36 52 5
36 53 -10
36 56 10
36 57 5
36 65 7
36 68 9
36 70 2
36 71 3
36 72 8
36 75 3
36 77 6
36 81 6
36 93 8
36 94 6
36 97 2
37 39 9
37 42 3
37 47 1
37 51 3
37 52 7
37 60 3
37 62 7
37 66 3
37 69 6
37 71 8
37 76 1
37 80 -9
37 81 9
37 88 7
37 92 1
37 97 4
38 43 3
38 52 3
38 55 5
38 56 5
38 57 -5
38 68 7
38 69 8
38 72 9
38 77 7
38 84 5
38 90 2
38 93 6
38 99 2
39 41 2
39 53 7
39 54 6
39 57 5
39 59 2
39 61 3
39 62 10
39 71 3
39 73 7
39 76 6
39 80 2
39 87 10
39 88 10
39 96 10
39 99 5
40 42 1
40 45 2
40 50 1
40 55 8
40 56 2
40 59 6
40 63 4
40 66 8
40 67 9
40 76 9
40 78 9
40 80 5
40 96 5
41 44 3
41 47 2
41 48 8
41 49 8
41 51 4
41 58 -8
41 63 5
41 73 6
41 75 6
41 83 -2
41 85 6
41 93 7
42 45 9
42 49 1
42 50 4
42 73 7
42 80 1
42 91 10
42 94 2
42 99 7
43 45 1
43 52 8
43 58 9
43 65 6
43 68 8
43 82 -6
43 90 3
44 50 8
44 54 7
44 56 5
44 61 7
44 63 1
44 70 9
44 77 9
44 78 9
44 81 8
44 82 6
44 87 6
44 90 8
44 94 2
45 53 7
45 60 4
45 64 4
45 67 4
45 75 3
45 81 4
45 84 10
45 89 7
45 91 3
45 92 7
45 93 3
45 94 4
45 98 1
46 49 3
46 52 6
46 53 2
46 65 6
46 66 10
46 78 9
46 81 1
46 83 6
46 85 8
46 93 9
47 49 4
47 50 3
47 52 8
47 59 4
47 60 4
47 65 3
47 71 4
47 72 3
47 74 9
47 85 10
47 87 7
47 94 10
47 97 10
47 98 5
48 52 1
48 53 7
48 59 6
48 60 -2
48 65 9
48 68 4
48 71 9
48 72 8
48 77 6
48 86 5
48 88 8
48 91 1
49 51 2
49 53 6
49 59 1
49 60 2
49 63 4
49 65 6
49 67 3
49 71 9
49 73 10
49 76 2
49 84 2
49 86 3
49 96 8
49 97 6
50 55 7
50 60 1
50 63 -9
50 65 4
50 68 1
50 71 8
50 72 4
50 75 3
50 76 6
50 95 4
50 97 7
51 52 9
51 55 -8
51 67 7
51 70 7
51 71 5
51 74 1
51 75 4
51 84 1
51 85 9
51 86 2
51 87 1
51 93 6
51 94 5
51 98 1
52 62 1
52 65 7
52 67 8
52 70 7
52 75 8
52 79 1
52 94 1
52 95 6
52 96 4
52 97 8
53 61 5
53 66 -4
53 74 6
53 87 2
53 94 5
54 59 5
54 65 4
54 74 1
54 78 3
54 83 1
54 84 6
54 93 7
54 96 8
54 97 5
54 99 -4
55 61 -5
55 62 5
55 71 4
55 85 7
55 89 -10
55 90 7
55 94 1
56 59 3
56 62 1
56 63 4
56 73 8
56 74 5
56 78 9
56 83 10
56 84 6
56 95 7
56 96 4
56 98 3
57 58 3
57 64 7
57 72 9
57 75 1
57 78 4
57 79 7
57 80 6
57 93 9
57 94 2
58 63 5
58 64 5
58 65 7
58 75 10
58 78 9
58 82 3
58 83 3
58 91 10
59 61 3
59 65 2
59 66 4
59 81 8
59 90 1
60 62 8
60 64 4
60 65 3
60 66 4
60 67 8
60 68 9
60 69 9
60 70 10
60 71 9
60 73 4
60 76 3
60 78 7
60 79 9
60 80 10
60 81 7
60 83 2
60 93 9
60 98 3
61 63 8
61 68 6
61 81 7
61 85 4
61 95 6
61 98 9
62 72 2
62 78 3
62 80 5
62 89 1
62 91 1
62 92 4
62 99 -8
63 67 6
63 69 9
63 79 9
63 80 6
63 89 5
63 91 10
64 65 8
64 67 1
64 68 2
64 72 3
64 77 5
64 78 8
64 99 2
65 76 10
65 85 9
65 87 1
65 88 9
65 93 2
65 98 5
66 72 8
66 76 5
66 86 7
66 94 -6
67 68 4
67 71 2
67 74 1
67 78 10
67 86 1
67 90 10
67 94 8
67 95 8
67 99 3
68 89 6
68 93 10
68 95 9
69 86 10
69 87 6
69 90 7
70 72 8
70 75 3
70 78 8
70 82 5
70 92 -9
70 96 4
71 92 3
71 98 3
71 99 6
72 76 8
72 77 10
72 81 10
72 86 6
72 89 8
72 90 7
72 97 8
72 98 2
72 99 1
73 79 1
73 81 9
73 84 1
73 86 10
73 87 4
73 89 5
73 91 2
73 95 10
74 75 7
74 79 1
74 89 8
74 90 1
74 92 6
74 96 9
75 76 4
75 77 10
75 78 10
75 81 7
75 82 6
75 83 10
75 89 7
75 93 7
75 98 9
76 84 8
76 85 7
76 87 8
76 88 3
76 89 1
76 91 2
76 92 3
76 96 10
77 87 6
77 88 3
77 91 7
77 92 4
77 98 7
78 86 4
78 87 -8
78 88 1
78 91 3
78 92 1
78 95 10
78 96 3
79 85 3
79 89 7
79 90 7
79 94 5
80 90 9
80 93 -5
81 83 -7
81 85 5
81 90 3
81 93 6
81 99 9
82 85 6
82 86 4
82 95 10
82 96 8
83 89 6
83 91 9
84 86 6
85 87 4
85 90 9
85 92 4
86 89 7
86 93 7
87 90 8
87 92 9
87 94 10
87 98 5
88 90 7
89 91 9
89 95 7
90 93 5
90 94 3
90 98 8
91 94 6
91 96 8
92 96 4
92 97 10
92 99 4
95 97 2
96 97 10
97 98 1
97 99 2
100 1050
0 6 9
0 12 4
0 20 5
0 21 2
0 23 7
0 25 7
0 37 9
0 38 7
0 47 5
0 58 9
0 63 8
0 66 5
0 73 10
0 79 5
0 85 1
0 86 2
0 88 9
0 89 3
1 2 5
1 5 1
1 7 1
1 13 5
1 21 1
1 25 3
1 27 6
1 28 1
1 30 10
1 32 7
1 33 9
1 38 8
1 46 6
1 47 6
1 49 7
1 50 4
1 51 7
1 58 4
1 63 -3
1 66 10
1 70 1
1 71 7
1 73 7
1 79 1
1 80 7
1 84 7
1 85 6
1 86 -3
1 90 -1
1 93 2
2 3 6
2 6 8
2 17 9
2 23 1
2 29 1
2 30 9
2 32 10
2 42 8
2 46 8
2 52 -9
2 53 7
2 56 2
2 58 2
2 59 6
2 62 7
2 64 6
2 65 3
2 67 8
2 78 1
2 81 4
2 87 2
2 93 7
3 8 -7
3 13 3
3 15 5
3 16 5
3 26 2
3 28 9
3 34 8
3 37 4
3 42 7
3 45 4
3 52 9
3 53 2
3 54 4
3 64 1
3 65 6
3 66 9
3 67 4
3 77 -9
3 83 1
3 85 4
3 87 2
3 90 6
3 96 3
3 98 9
4 11 8
4 13 6
4 25 4
4 29 8
4 37 2
4 38 4
4 40 3
4 55 9
4 57 5
4 65 -9
4 66 2
4 67 7
4 72 -2
4 76 6
4 77 1
4 81 8
4 91 6
4 96 10
5 24 7
5 29 8
5 30 8
5 31 9
5 33 7
5 34 9
5 35 3
5 37 7
5 39 1
5 42 -10
5 45 4
5 48 10
5 59 4
5 60 7
5 64 2
5 68 8
5 71 2
5 76 7
5 84 8
5 85 2
5 92 8
5 93 10
5 96 5
6 7 6
6 10 -4
6 14 3
6 16 9
6 18 6
6 20 2
6 34 9
6 35 2
6 40 9
6 47 8
6 58 9
6 67 5
6 78 8
6 92 7
7 8 7
7 28 8
7 31 2
7 41 6
7 42 7
7 47 -3
7 59 2
7 60 2
7 63 6
7 68 1
7 78 9
7 86 6
7 88 7
7 89 9
7 96 3
7 98 8
8 12 8
8 23 3
8 39 7
8 43 3
8 45 5
8 51 -3
8 54 5
8 55 10
8 59 6
8 60 3
8 62 1
8 69 2
8 71 1
8 73 2
8 74 9
8 79 9
8 81 -4
8 85 3
8 87 6
8 95 1
8 96 1
8 99 10
9 13 2
9 15 10
9 16 1
9 24 10
9 27 10
9 31 2
9 39 10
9 40 5
9 62 7
9 78 7
9 81 3
9 84 9
9 85 7
9 89 4
9 91 -9
9 93 1
9 94 7
9 96 5
10 12 9
10 15 6
10 17 8
10 21 5
10 34 8
10 39 10
10 40 3
10 45 9
10 46 9
10 57 1
10 62 9
10 67 8
10 69 3
10 76 2
10 82 -2
11 12 8
11 13 10
11 16 10
11 38 3
11 42 4
11 47 7
11 53 2
11 58 2
11 60 2
11 66 10
11 67 4
11 69 -9
11 74 9
11 76 10
11 77 8
11 87 1
11 92 10
11 94 -9
11 96 5
12 23 4
12 24 10
12 29 6
12 31 5
12 48 9
12 51 1
12 54 10
12 58 9
12 60 -6
12 73 1
12 83 9
12 85 5
12 89 9
12 94 1
13 19 5
13 20 3
13 25 2
13 30 5
13 33 4
13 34 6
13 37 10
13 40 7
13 43 6
13 53 4
13 58 7
13 59 10
13 64 1
13 79 7
13 81 -4
13 87 1
13 90 8
13 92 3
13 97 8
14 29 10
14 33 10
14 38 5
14 43 6
14 47 10
14 48 10
14 50 1
14 51 1
14 65 -6
14 74 9
14 81 8
14 82 8
14 85 5
14 89 1
14 91 6
14 96 5
15 17 9
15 18 2
15 28 3
15 43 4
15 46 -2
15 49 10
15 54 2
15 62 2
15 64 8
15 66 1
15 68 3
15 69 10
15 70 9
15 72 2
15 78 7
15 85 8
15 96 3
16 22 8
16 29 5
16 39 3
16 52 -8
16 58 5
16 60 1
16 70 10
16 73 10
16 75 4
16 77 4
16 81 7
16 88 8
16 99 6
17 18 4
17 21 9
17 22 5
17 26 2
17 27 3
17 34 7
17 42 9
17 46 5
17 48 7
17 51 5
17 56 3
17 59 7
17 60 1
17 62 1
17 65 8
17 67 7
17 68 1
17 69 9
17 79 8
17 80 5
17 95 7
17 97 -5
18 20 9
18 24 5
18 37 7
18 42 7
18 44 5
18 47 5
18 51 2
18 52 8
18 54 -1
18 59 6
18 62 3
18 65 6
18 68 1
18 78 6
18 90 10
18 91 8
18 92 8
18 93 7
18 94 3
18 96 10
18 98 3
18 99 5
19 20 6
19 26 8
19 34 7
19 37 2
19 40 8
19 43 4
19 44 -3
19 51 1
19 53 5
19 55 2
19 56 7
19 59 6
19 60 3
19 62 9
19 66 5
19 72 5
19 76 10
19 79 5
19 81 5
19 90 1
19 93 9
19 95 1
19 99 6
20 30 5
20 34 10
20 35 10
20 36 6
20 40 9
20 42 7
20 56 4
20 58 6
20 62 6
20 65 1
20 66 2
20 69 10
20 76 9
20 78 3
20 79 2
20 82 2
20 87 8
20 91 7
20 96 7
20 97 3
20 98 1
21 34 7
21 38 9
21 59 10
21 60 5
21 62 10
21 63 -6
21 66 1
21 71 4
21 73 10
21 78 7
21 83 4
21 89 6
21 95 4
22 28 10
22 29 9
22 30 6
22 36 2
22 43 -4
22 46 3
22 49 7
22 59 10
22 60 5
22 63 3
22 80 8
22 90 8
22 91 9
23 29 4
23 31 7
23 32 1
23 39 8
23 41 3
23 52 8
23 53 1
23 54 7
23 56 10
23 58 4
23 59 6
23 60 6
23 63 2
23 64 2
23 66 2
23 72 -10
23 74 4
23 79 2
23 81 2
23 85 1
23 92 9
23 94 9
24 35 9
24 37 10
24 45 10
24 47 7
24 48 9
24 53 6
24 61 1
24 62 8
24 72 3
24 92 3
25 37 1
25 38 10
25 40 7
25 43 5
25 45 4
25 51 3
25 52 1
25 66 10
25 73 8
25 85 5
25 95 5
25 96 8
26 28 5
26 31 5
26 40 4
26 45 8
26 48 7
26 49 4
26 56 8
26 58 4
26 60 7
26 65 6
26 66 7
26 69 5
26 75 7
26 83 6
26 84 10
26 91 8
26 93 2
26 98 4
27 31 3
27 40 2
27 41 9
27 46 9
27 48 5
27 56 -3
27 61 1
27 65 6
27 69 7
27 70 1
27 78 10
27 81 1
27 88 6
27 91 7
27 93 7
27 96 3
28 29 8
28 30 10
28 44 1
28 53 8
28 60 3
28 64 2
28 66 7
28 68 1
28 71 6
28 72 7
28 79 3
28 80 10
28 92 9
28 98 4
28 99 7
29 37 8
29 41 10
29 46 2
29 47 8
29 62 4
29 63 4
29 71 10
29 78 2
29 95 2
29 96 5
30 31 8
30 33 6
30 35 9
30 42 9
30 48 8
30 50 3
30 52 5
30 58 2
30 65 2
30 66 6
30 67 2
30 69 3
30 73 7
30 80 1
30 84 8
30 85 2
30 92 10
30 94 9
30 96 3
31 32 3
31 36 2
31 37 5
31 43 7
31 44 5
31 47 2
31 58 10
31 63 9
31 64 2
31 65 8
31 73 4
31 75 4
31 76 8
31 77 3
31 81 7
31 85 5
31 86 8
31 87 5
31 89 7
31 91 3
31 92 4
31 93 8
32 37 3
32 45 4
32 49 6
32 59 2
32 63 5
32 73 6
32 75 9
32 90 7
32 96 8
33 38 6
33 45 7
33 46 2
33 50 4
33 56 6
33 66 4
33 67 8
33 70 6
33 76 8
33 77 1
33 81 6
33 83 7
33 87 3
33 88 -1
33 92 1
33 96 2
34 46 5
34 49 2
34 53 10
34 57 8
34 59 4
34 63 7
34 65 8
34 66 10
34 85 -4
34 91 4
34 95 1
35 36 9
35 47 9
35 48 10
35 50 3
35 59 9
35 60 5
35 62 1
35 68 -8
35 76 3
35 78 10
35 83 -4
35 87 8
35 88 9
35 91 3
35 97 9
36 40 9
36 41 1
36 46 10
36 53 5
36 67 9
36 69 10
36 81 6
36 85 1
36 89 -7
36 90 3
36 93 5
36 94 5
37 39 -8
37 40 8
37 49 3
37 52 10
37 55 7
37 57 2
37 64 3
37 65 5
37 66 1
37 78 1
37 91 2
37 92 7
37 93 10
37 95 8
37 98 5
38 41 5
38 43 4
38 46 4
38 47 1
38 48 10
38 49 7
38 53 5
38 65 -6
38 66 3
38 68 -8
38 72 9
38 82 2
38 84 6
38 85 10
38 98 1
39 43 1
39 45 10
39 75 3
39 76 9
39 90 9
39 96 7
39 97 6
40 44 8
40 48 1
40 55 9
40 60 2
40 65 7
40 69 8
40 72 10
40 76 5
40 79 5
40 80 7
40 98 10
41 46 7
41 49 3
41 53 8
41 56 4
41 59 7
41 60 2
41 72 5
41 73 1
41 75 1
41 78 7
41 79 2
41 83 1
41 84 3
41 85 2
41 96 4
42 47 4
42 48 1
42 52 5
42 55 8
42 80 1
42 81 1
42 86 4
42 91 10
42 92 7
42 98 10
43 45 3
43 46 2
43 50 10
43 51 6
43 59 4
43 67 9
43 77 7
43 80 5
43 90 3
43 91 2
43 92 7
43 95 10
43 96 3
44 45 2
44 51 10
44 52 1
44 53 -3
44 58 9
44 59 2
44 73 -5
44 75 4
44 82 5
44 88 6
44 95 7
44 99 8
45 56 5
45 61 8
45 65 9
45 70 9
45 71 5
45 74 9
45 79 9
45 81 1
45 86 4
45 88 7
45 89 -10
45 92 6
46 48 6
46 51 5
46 55 10
46 59 10
46 60 4
46 65 4
46 70 9
46 72 7
46 73 8
46 84 9
46 89 4
46 94 5
47 49 5
47 50 6
47 53 2
47 65 3
47 68 7
47 71 3
47 73 3
47 78 6
47 79 9
47 83 4
47 85 9
47 86 7
47 91 5
48 55 5
48 63 7
48 77 1
48 78 2
48 80 3
48 81 -2
48 87 10
48 91 8
48 99 5
49 51 4
49 70 4
49 74 1
49 75 6
49 76 2
49 78 6
49 83 9
49 92 4
49 95 7
49 96 9
49 98 2
50 51 5
50 57 1
50 60 6
50 64 2
50 83 7
50 94 7
51 57 8
51 62 8
51 72 3
51 78 10
51 80 2
51 82 6
51 83 7
51 89 6
51 94 6
51 98 9
52 56 4
52 57 3
52 59 3
52 66 6
52 67 9
52 72 10
52 73 10
52 80 1
52 82 5
52 88 7
52 95 4
53 58 1
53 65 3
53 66 -10
53 73 6
53 74 9
53 88 9
53 92 2
53 97 10
54 57 9
54 58 9
54 62 10
54 64 9
54 81 6
54 86 1
54 89 5
54 90 7
54 94 10
55 58 2
55 64 10
55 82 2
55 85 8
55 95 5
55 97 8
56 58 4
56 61 9
56 62 2
56 64 5
56 73 2
56 74 4
56 79 6
56 83 7
56 85 5
56 87 5
56 88 -8
56 90 4
56 94 8
57 58 3
57 74 6
57 83 5
57 86 4
57 96 3
58 72 5
58 73 1
58 78 9
58 81 2
58 87 6
58 92 5
58 93 7
58 98 8
59 69 8
59 73 10
59 74 10
59 75 7
59 78 5
59 83 8
59 87 6
59 93 7
59 98 2
59 99 8
60 63 6
60 69 4
60 84 8
60 90 -3
60 96 8
60 98 8
61 70 2
61 74 9
61 82 4
61 84 2
62 73 7
62 75 10
62 83 5
62 86 10
62 88 5
63 66 2
63 67 3
63 68 4
63 71 5
63 73 5
63 76 4
63 78 2
63 81 5
63 82 2
63 90 9
63 91 7
63 94 2
63 99 8
64 68 3
64 71 6
64 79 6
64 82 1
64 85 2
64 86 10
64 87 3
64 92 6
64 93 10
64 98 3
65 70 -10
65 72 9
65 76 5
65 78 4
65 85 2
65 88 9
65 94 3
65 99 5
66 69 2
66 77 3
66 78 1
66 85 2
66 92 3
66 94 7
66 99 1
67 72 5
67 76 1
67 79 3
67 83 4
67 94 -4
67 99 3
68 75 8
68 77 9
68 81 8
68 82 8
68 83 7
68 89 1
68 92 2
68 94 1
68 97 -1
69 74 2
69 79 7
69 80 3
69 85 2
69 88 8
69 91 10
69 93 9
69 97 1
69 99 5
70 71 4
70 75 9
70 81 6
70 88 8
70 92 4
70 98 7
71 72 3
71 74 10
71 75 5
71 82 8
71 84 8
71 87 9
71 93 1
71 96 8
72 80 4
72 85 7
72 86 1
72 94 4
73 74 7
73 80 4
73 81 7
73 89 -3
73 90 6
73 95 7
73 96 5
74 75 9
74 77 1
74 88 8
74 89 3
74 91 7
74 99 6
75 78 2
75 79 10
75 84 10
75 91 2
75 95 9
75 96 7
75 99 1
76 77 -9
76 95 7
77 79 8
77 80 3
77 81 8
77 85 7
77 87 8
77 88 2
77 95 6
77 99 1
78 80 5
78 85 6
78 92 3
78 98 9
79 88 9
79 90 9
80 91 4
80 99 7
81 84 4
81 88 8
81 98 7
82 89 10
82 93 7
82 99 6
83 90 9
83 96 9
83 97 8
84 85 6
84 88 8
84 94 10
84 95 8
85 86 10
85 89 8
85 91 3
85 94 1
85 97 2
85 98 3
87 90 9
88 90 10
88 96 3
88 97 8
88 99 5
89 93 8
90 91 6
90 93 9
90 94 6
91 95 4
91 96 5
92 95 3
93 95 3
93 99 7
94 97 9
94 98 5
96 99 -6
98 99 3
100 1050
0 3 10
0 7 5
0 8 4
0 17 9
0 18 10
0 24 10
0 25 10
0 27 3
0 37 6
0 38 8
0 45 10
0 47 8
0 50 9
0 57 8
0 62 2
0 65 9
0 73 1
0 77 8
0 79 3
0 82 2
0 84 8
0 89 5
1 12 7
1 17 4
1 20 -8
1 25 1
1 26 4
1 27 2
1 33 3
1 34 1
1 43 9
1 51 7
1 59 4
1 71 2
1 76 5
2 4 3
2 6 9
2 8 5
2 9 10
2 14 4
2 16 1
2 17 8
2 33 4
2 35 8
2 39 6
2 40 4
2 53 7
2 55 7
2 58 8
2 62 9
2 67 4
2 72 10
2 80 6
2 81 5
2 83 6
2 87 10
2 91 6
2 96 9
2 97 2
3 11 7
3 13 7
3 15 9
3 24 6
3 25 1
3 31 -6
3 40 1
3 42 3
3 47 -10
3 49 9
3 51 1
3 55 2
3 64 2
3 67 8
3 69 6
3 73 9
3 82 2
3 97 1
4 6 2
4 8 6
4 10 4
4 11 1
4 16 7
4 21 1
4 25 10
4 36 7
4 59 10
4 65 4
4 77 9
4 79 8
4 88 1
4 94 8
4 96 10
5 8 9
5 14 3
5 15 1
5 16 9
5 19 8
5 28 9
5 32 8
5 38 6
5 43 8
5 44 3
5 45 2
5 47 4
5 49 -9
5 71 8
5 87 1
5 94 7
6 9 5
6 10 5
6 12 7
6 17 4
6 18 3
6 19 10
6 27 3
6 36 7
6 44 9
6 45 2
6 46 6
6 51 9
6 54 5
6 55 6
6 57 10
6 61 7
6 62 3
6 83 2
6 86 4
6 87 1
6 90 8
6 96 4
7 10 4
7 12 5
7 14 10
7 23 9
7 28 6
7 37 6
7 41 4
7 49 4
7 52 7
7 64 7
7 68 9
7 73 5
7 76 9
7 77 3
7 78 6
7 84 3
7 85 2
7 86 4
7 90 3
7 98 8
8 14 10
8 23 4
8 30 1
8 36 2
8 55 10
8 56 1
8 58 4
8 69 2
8 70 -1
8 73 10
8 80 8
8 82 1
8 89 4
8 90 10
8 97 9
9 12 5
9 19 9
9 22 10
9 24 1
9 27 7
9 28 10
9 31 7
9 34 5
9 36 8
9 38 1
9 40 4
9 41 5
9 44 2
9 61 10
9 64 2
9 68 9
9 69 8
9 71 9
9 74 7
9 75 2
9 76 5
9 95 3
10 17 9
10 18 6
10 24 8
10 27 4
10 38 8
10 46 7
10 51 5
10 56 6
10 65 -1
10 74 2
10 76 5
10 85 10
10 94 1
10 95 1
11 14 10
11 27 2
11 34 7
11 39 4
11 40 2
11 45 8
11 54 6
11 55 -6
11 58 8
11 64 7
11 66 9
11 67 10
11 69 9
11 72 -2
11 75 8
11 79 8
11 82 8
11 83 6
11 93 10
11 98 6
11 99 5
12 19 9
12 20 9
12 24 10
12 32 9
12 33 1
12 39 7
12 52 5
12 54 1
12 59 10
12 72 4
12 73 9
12 74 9
12 76 9
12 79 -10
12 84 5
12 86 6
12 88 4
12 92 1
13 18 6
13 19 6
13 20 5
13 26 5
13 27 5
13 28 9
13 31 9
13 36 8
13 42 7
13 46 3
13 48 10
13 51 4
13 52 6
13 54 9
13 60 10
13 61 1
13 62 6
13 69 1
13 73 10
13 81 5
13 99 1
14 15 8
14 23 8
14 28 6
14 34 9
14 38 10
14 46 6
14 50 2
14 51 9
14 59 8
14 60 10
14 61 5
14 66 8
14 71 8
14 76 1
14 82 8
14 83 9
14 87 3
14 89 7
14 92 7
14 96 3
15 17 7
15 26 9
15 27 1
15 28 7
15 41 10
15 44 8
15 46 7
15 55 8
15 65 8
15 68 9
15 70 10
15 71 7
15 77 5
15 84 5
15 85 6
15 87 9
15 90 -10
15 91 9
15 98 2
15 99 -6
16 18 -4
16 21 5
16 24 7
16 25 9
16 35 3
16 38 1
16 43 7
16 59 8
16 67 6
16 75 5
16 81 2
16 92 6
17 18 5
17 21 5
17 30 1
17 35 9
17 38 4
17 43 8
17 44 -9
17 51 1
17 56 10
17 58 10
17 59 8
17 61 3
17 62 4
17 65 2
17 71 1
17 74 10
17 77 1
17 81 9
17 87 2
17 88 6
17 91 7
17 93 6
17 95 3
18 20 2
18 23 2
18 29 7
18 40 6
18 43 7
18 44 9
18 54 9
18 55 1
18 81 6
18 83 2
18 85 6
18 97 8
18 99 7
19 25 1
19 31 7
19 38 9
19 41 1
19 43 9
19 45 10
19 49 6
19 50 -8
19 51 6
19 61 7
19 63 3
19 65 9
19 66 6
19 67 -8
19 77 10
19 79 1
19 81 10
19 84 -8
19 86 9
19 87 9
19 89 4
19 93 3
19 94 9
19 98 10
20 23 7
20 30 3
20 32 10
20 41 3
20 44 9
20 51 9
20 67 10
20 77 7
20 82 2
20 84 8
20 87 8
20 88 7
20 94 -10
20 98 2
21 23 6
21 27 4
21 30 3
21 32 6
21 34 1
21 42 -2
21 44 3
21 45 7
21 49 5
21 50 1
21 53 10
21 55 10
21 57 2
21 60 5
21 67 7
21 75 3
21 76 5
21 83 6
21 90 8
21 95 5
21 99 -5
22 26 5
22 36 10
22 41 5
22 42 3
22 43 9
22 51 2
22 54 4
22 61 2
22 66 7
22 68 -6
22 85 -8
22 86 2
22 87 3
22 88 5
22 93 10
22 94 7
22 98 -6
23 66 3
23 69 6
23 72 9
23 74 4
23 80 8
23 85 5
23 86 2
23 91 10
23 92 5
23 97 3
23 98 7
24 45 6
24 46 2
24 54 3
24 55 9
24 62 2
24 72 4
24 74 8
24 88 10
24 90 6
24 94 5
24 97 4
24 99 7
25 26 1
25 29 6
25 33 10
25 39 -7
25 54 1
25 58 8
25 59 -3
25 61 1
25 64 -6
25 69 9
25 71 -8
25 73 3
25 87 9
25 88 4
25 94 8
25 95 4
25 96 3
25 98 1
26 30 7
26 45 6
26 52 7
26 53 4
26 59 2
26 61 2
26 62 5
26 63 -8
26 70 4
26 73 4
26 80 1
26 92 1
27 29 -10
27 35 4
27 46 4
27 47 9
27 52 7
27 54 1
27 66 2
27 69 3
27 73 8
27 88 8
27 91 6
27 97 1
27 98 7
28 41 10
28 45 -2
28 50 7
28 58 6
28 59 3
28 71 9
28 72 3
28 73 3
28 74 7
28 75 1
28 78 3
28 83 4
28 89 6
28 93 7
28 95 3
28 99 1
29 31 7
29 34 3
29 45 5
29 52 10
29 53 6
29 54 5
29 55 8
29 59 8
29 63 4
29 64 5
29 66 6
29 67 6
29 74 2
29 77 7
29 81 4
29 89 5
29 90 3
29 95 2
29 98 8
29 99 5
30 37 8
30 51 4
30 52 10
30 55 4
30 61 1
30 71 2
30 72 7
30 77 1
30 81 10
30 82 2
30 86 5
30 87 5
30 92 3
30 93 10
30 94 9
31 32 7
31 34 9
31 42 8
31 44 9
31 45 9
31 54 -5
31 59 2
31 63 5
31 66 8
31 67 8
31 76 4
31 77 4
31 78 5
31 82 5
31 87 8
31 90 3
31 99 1
32 33 6
32 34 4
32 44 8
32 45 10
32 50 5
32 52 2
32 55 4
32 60 2
32 62 4
32 68 4
32 72 5
32 73 6
32 86 1
32 88 2
32 93 10
33 35 1
33 36 4
33 39 6
33 41 6
33 44 4
33 48 4
33 53 -6
33 57 3
33 59 4
33 60 8
33 62 10
33 63 2
33 64 2
33 65 5
33 66 3
33 69 3
33 76 8
33 81 -7
33 85 10
34 36 3
34 48 8
34 49 4
34 54 9
34 56 4
34 57 10
34 63 5
34 69 -6
34 74 2
34 77 4
34 81 7
34 82 1
34 84 8
34 96 10
35 40 8
35 42 3
35 45 2
35 46 1
35 47 8
35 59 6
35 60 9
35 67 9
35 69 2
35 76 3
35 77 -1
35 78 4
35 85 2
35 92 1
35 94 -7
36 42 10
36 44 9
36 47 2
36 53 1
36 55 3
36 68 7
36 69 7
36 74 2
36 75 10
36 78 2
36 79 7
36 81 2
36 88 2
36 89 3
36 90 9
36 94 3
36 98 1
37 44 4
37 46 2
37 55 6
37 56 6
37 59 4
37 63 1
37 71 3
37 76 10
37 77 1
37 79 10
37 84 4
37 93 6
37 95 4
37 98 -5
37 99 1
38 43 5
38 50 4
38 59 9
38 61 6
38 67 1
38 70 9
38 77 3
38 83 1
38 85 9
38 88 4
38 92 -10
39 47 3
39 48 1
39 49 10
39 51 9
39 54 3
39 56 4
39 58 10
39 59 10
39 60 7
39 62 5
39 67 2
39 72 7
39 88 7
39 93 7
39 98 7
40 43 3
40 61 6
40 67 1
40 71 -8
40 76 2
41 44 6
41 47 5
41 58 2
41 59 7
41 67 3
41 69 6
41 72 7
41 84 10
41 87 5
41 89 7
41 93 4
41 96 4
42 44 -9
42 45 7
42 49 4
42 50 1
42 53 -3
42 64 1
42 77 2
42 82 9
42 84 10
42 90 5
42 92 9
42 95 3
42 99 6
43 46 10
43 47 9
43 53 6
43 54 5
43 59 3
43 60 2
43 61 10
43 62 4
43 68 7
43 72 4
43 75 6
43 76 6
43 78 7
43 83 9
43 88 1
43 99 9
44 50 7
44 54 9
44 55 2
44 62 9
44 63 3
44 73 9
44 78 7
44 85 9
44 90 1
44 95 9
44 96 4
45 46 9
45 48 4
45 59 1
45 72 7
45 77 7
45 80 3
45 82 1
45 85 9
45 89 9
45 99 8
46 49 1
46 52 10
46 58 8
46 64 7
46 67 10
46 73 9
46 74 2
46 75 2
46 84 8
46 95 1
46 97 6
47 80 7
47 89 3
47 95 7
47 98 3
48 49 3
48 51 5
48 63 7
48 65 9
48 70 9
48 81 7
48 96 9
48 99 3
49 54 8
49 64 10
49 65 10
49 70 10
49 73 4
49 76 9
49 77 7
49 87 1
49 88 2
49 90 1
50 56 4
50 57 1
50 59 7
50 62 1
50 63 9
50 71 4
50 74 4
50 79 5
50 81 8
50 86 8
50 89 6
50 90 5
50 93 2
51 56 3
51 61 3
51 64 8
51 65 6
51 68 4
51 73 -8
51 74 -3
51 75 6
51 79 5
51 83 1
51 85 4
51 95 4
52 61 3
52 62 7
52 63 4
52 66 4
52 78 2
52 79 9
52 87 1
52 95 2
52 96 5
53 60 6
53 64 5
53 66 3
53 70 8
53 71 7
53 74 2
53 78 1
53 79 10
53 80 7
53 82 4
53 87 10
53 90 9
54 59 10
54 69 10
54 71 7
54 95 5
55 56 8
55 60 8
55 66 8
55 67 9
55 70 8
55 73 1
55 74 2
55 78 9
55 84 3
55 86 2
55 93 5
56 63 4
56 68 2
56 70 4
56 74 5
56 84 4
56 87 2
56 90 1
56 92 6
56 96 10
56 99 2
57 58 3
57 59 5
57 61 5
57 63 6
57 68 3
57 69 5
57 70 2
57 86 8
57 91 5
58 62 5
58 66 6
58 68 9
58 69 1
58 70 6
58 79 10
58 80 2
58 84 2
58 86 1
58 90 9
58 93 6
58 95 -5
59 62 9
59 66 4
59 79 5
59 95 5
60 67 3
60 69 5
60 74 7
60 79 5
60 81 7
60 85 10
60 90 7
60 94 6
61 63 -5
61 66 7
61 72 3
61 74 3
61 77 4
61 78 9
61 82 9
61 99 1
62 64 8
62 69 9
62 70 7
62 78 8
62 80 -4
62 83 4
62 85 1
62 86 10
63 65 7
63 67 5
63 71 9
63 74 1
63 75 7
63 77 10
63 78 1
63 84 4
63 87 2
64 66 5
64 71 3
64 73 -3
64 76 9
64 95 3
65 68 4
65 70 10
65 75 4
65 80 2
65 82 9
65 84 6
65 95 10
65 97 9
66 67 3
66 74 2
66 79 8
66 80 10
66 83 4
66 88 10
66 97 7
66 99 3
67 68 2
67 71 2
67 80 1
67 94 2
67 96 6
67 97 10
68 77 6
68 79 7
68 83 7
68 84 9
68 87 10
68 89 6
68 94 2
69 71 5
69 73 6
69 77 2
69 86 4
70 71 9
70 78 -8
70 85 7
70 87 4
70 88 2
70 89 1
70 94 7
71 89 4
71 90 6
71 91 9
71 92 5
71 95 6
72 73 1
72 80 8
72 91 9
72 94 1
73 76 6
73 77 5
73 78 3
73 79 4
73 83 5
73 91 4
73 93 5
73 94 6
73 99 8
74 78 5
74 79 6
74 80 1
74 81 4
74 82 8
74 86 3
74 93 1
74 99 5
75 78 5
75 81 -5
75 83 3
75 88 8
75 89 9
75 90 7
75 93 4
75 95 9
76 78 7
76 82 6
76 85 10
76 89 -5
76 90 2
76 94 8
76 98 4
76 99 2
77 80 1
77 81 9
77 83 4
77 84 8
77 88 5
77 93 8
77 94 6
77 96 6
78 79 7
78 85 2
78 86 3
78 92 2
78 96 3
78 99 2
79 84 8
79 87 3
79 90 4
79 92 7
79 93 10
79 97 5
80 86 7
80 88 7
80 91 1
80 93 9
81 89 2
81 94 2
82 89 2
82 93 1
82 96 5
82 97 4
82 98 4
83 85 5
83 86 9
83 98 5
84 90 2
84 93 -2
85 89 10
85 93 4
85 96 2
85 99 7
86 88 1
86 98 8
87 91 1
87 93 3
87 95 2
89 98 9
90 95 6
91 94 4
91 97 9
92 93 10
92 97 4
92 99 6
93 96 1
93 98 1
100 1050
0 8 3
0 10 3
0 17 1
0 30 2
0 42 5
0 51 3
0 52 5
0 53 4
0 54 2
0 62 5
0 69 4
0 72 3
0 82 2
0 85 3
0 90 1
0 92 2
0 93 10
1 2 3
1 5 1
1 7 2
1 8 9
1 23 7
1 30 4
1 31 5
1 32 5
1 39 7
1 45 10
1 47 4
1 53 5
1 56 4
1 67 3
1 69 2
1 71 1
1 73 5
1 77 4
1 80 9
1 84 6
1 85 1
1 89 6
1 91 10
2 7 6
2 10 8
2 13 6
2 14 6
2 21 4
2 26 2
2 29 3
2 54 1
2 66 4
2 67 4
2 68 6
2 74 5
2 90 6
2 99 4
3 9 -9
3 11 9
3 13 4
3 31 10
3 33 4
3 34 2
3 36 7
3 37 1
3 55 5
3 59 8
3 66 2
3 67 -4
3 95 5
3 99 5
4 6 3
4 16 5
4 17 1
4 18 5
4 25 4
4 26 10
4 29 7
4 33 1
4 37 5
4 38 3
4 39 10
4 40 4
4 42 8
4 44 8
4 48 6
4 51 7
4 56 10
4 62 5
4 65 4
4 78 3
4 81 1
4 82 1
4 90 3
4 92 9
4 93 7
5 15 4
5 24 -8
5 26 7
5 29 5
5 32 1
5 34 3
5 37 8
5 38 7
5 40 3
5 43 4
5 47 2
5 50 1
5 55 7
5 59 2
5 66 5
5 69 3
5 72 -2
5 74 5
5 76 9
5 82 3
5 97 8
6 8 2
6 21 5
6 23 1
6 25 7
6 35 6
6 38 2
6 46 -2
6 52 3
6 59 4
6 71 9
6 81 1
6 88 1
6 92 8
6 94 5
6 99 4
7 13 1
7 16 2
7 18 2
7 25 9
7 26 6
7 27 2
7 28 3
7 30 6
7 31 8
7 32 6
7 33 1
7 38 5
7 39 10
7 43 9
7 45 10
7 64 7
7 69 8
7 70 2
7 71 8
7 74 3
7 80 4
7 81 2
7 83 9
7 84 8
8 18 2
8 19 3
8 20 1
8 23 3
8 28 5
8 29 3
8 35 3
8 36 7
8 44 9
8 65 7
8 74 7
8 76 8
8 84 2
8 85 5
8 93 1
8 94 6
8 95 6
8 96 8
9 13 3
9 28 4
9 33 6
9 34 7
9 38 6
9 44 1
9 47 9
9 49 7
9 60 2
9 62 9
9 73 10
9 84 5
9 85 5
9 87 2
9 88 1
10 11 1
10 12 3
10 20 3
10 30 8
10 31 2
10 32 9
10 35 6
10 38 2
10 42 1
10 43 10
10 51 10
10 68 -8
10 74 4
10 75 8
10 83 9
10 85 4
10 88 8
10 89 10
10 90 6
10 91 10
10 92 8
10 97 4
10 98 6
11 26 4
11 34 1
11 39 6
11 47 5
11 51 7
11 54 1
11 60 5
11 65 6
11 67 6
11 73 5
11 77 6
11 79 3
11 82 1
11 85 8
11 88 -3
11 89 1
11 93 2
11 95 10
11 99 7
12 19 8
12 22 1
12 46 4
12 48 1
12 50 -6
12 51 6
12 56 2
12 60 7
12 64 8
12 69 10
12 72 4
12 74 1
12 78 6
12 79 2
12 85 9
12 87 1
12 91 8
13 25 6
13 37 7
13 39 7
13 43 1
13 46 7
13 48 8
13 49 1
13 52 6
13 68 10
13 70 4
13 72 10
13 73 5
13 78 -8
13 81 4
13 85 8
13 88 1
13 94 4
13 97 7
14 20 2
14 24 2
14 32 3
14 34 4
14 36 5
14 50 2
14 52 10
14 56 -1
14 58 9
14 60 10
14 66 1
14 70 7
14 75 10
14 76 7
14 78 3
14 79 7
14 80 3
14 83 9
14 85 3
14 91 5
14 93 9
14 99 10
15 17 9
15 29 9
15 31 9
15 33 5
15 34 8
15 44 6
15 45 6
15 48 9
15 53 3
15 60 7
15 61 5
15 63 4
15 69 1
15 70 3
15 75 1
15 79 10
15 82 4
15 85 4
15 91 2
15 95 1
15 96 2
16 28 2
16 30 7
16 41 5
16 50 9
16 56 1
16 60 9
16 68 10
16 71 4
16 76 7
16 77 6
16 80 -5
16 81 7
16 85 9
16 91 6
16 96 6
17 21 4
17 27 8
17 30 -8
17 33 8
17 35 8
17 37 5
17 38 3
17 50 6
17 52 2
17 53 8
17 61 -1
17 67 6
17 69 3
17 72 7
17 78 -8
17 85 7
17 90 2
17 92 3
17 98 4
17 99 4
18 20 9
18 23 3
18 24 5
18 26 6
18 28 5
18 30 8
18 38 8
18 40 10
18 44 2
18 47 6
18 57 2
18 65 5
18 67 2
18 68 2
18 75 3
18 80 7
18 83 5
18 88 9
18 90 6
18 95 2
18 98 4
19 26 6
19 31 6
19 32 1
19 33 9
19 48 6
19 51 4
19 52 7
19 55 6
19 56 4
19 58 10
19 61 8
19 62 9
19 67 10
19 75 9
19 77 7
19 81 10
19 86 4
19 96 2
20 21 6
20 22 4
20 25 9
20 28 9
20 37 9
20 38 9
20 43 1
20 45 9
20 47 9
20 55 4
20 57 10
20 70 6
20 84 9
20 88 2
20 90 5
20 93 6
21 22 1
21 23 1
21 30 8
21 42 9
21 54 8
21 57 5
21 66 4
21 67 5
21 72 -7
21 80 -3
21 84 5
21 85 8
21 86 5
21 87 4
21 88 7
21 94 7
22 25 5
22 28 1
22 43 3
22 46 3
22 58 10
22 59 5
22 62 2
22 66 5
22 67 7
22 73 -3
22 75 6
22 77 1
22 79 8
22 81 6
22 82 7
22 85 5
22 86 10
22 91 1
22 93 3
23 25 2
23 34 2
23 43 9
23 47 1
23 48 10
23 52 2
23 57 7
23 62 4
23 63 5
23 66 9
23 68 5
23 72 1
23 75 8
23 78 9
23 91 10
23 96 -3
23 97 5
23 98 -3
24 31 8
24 39 3
24 41 7
24 44 5
24 47 -1
24 51 4
24 60 1
24 68 4
24 69 2
24 71 4
24 73 8
24 96 4
25 27 7
25 28 4
25 39 5
25 46 8
25 48 3
25 58 -9
25 66 -3
25 68 10
25 69 4
25 72 9
25 79 5
25 80 6
25 93 3
25 94 8
25 97 7
26 37 2
26 39 3
26 45 -5
26 47 6
26 48 -8
26 52 2
26 53 3
26 55 9
26 64 5
26 66 3
26 67 6
26 73 2
26 74 10
26 79 9
26 93 8
26 95 9
27 29 4
27 31 6
27 32 8
27 35 7
27 44 1
27 45 2
27 52 8
27 62 10
27 66 2
27 69 8
27 71 -5
27 72 -6
28 30 -7
28 50 10
28 51 1
28 55 10
28 61 3
28 63 7
28 73 10
28 78 7
28 82 3
28 91 9
28 93 7
28 99 7
29 30 9
29 33 7
29 35 -2
29 38 8
29 46 5
29 56 10
29 57 10
29 60 9
29 61 10
29 65 8
29 80 6
29 90 8
29 95 3
30 36 2
30 43 9
30 45 9
30 46 9
30 55 8
30 58 10
30 61 8
30 64 6
30 67 8
30 68 8
30 70 5
30 71 9
30 78 9
30 81 5
30 86 2
30 87 6
30 90 4
30 92 8
30 94 1
31 32 8
31 39 5
31 42 4
31 43 4
31 50 5
31 64 10
31 70 6
31 74 1
31 77 3
31 78 8
31 85 -3
31 96 6
32 35 4
32 54 7
32 55 3
32 58 1
32 67 -3
32 76 10
32 83 5
32 84 4
32 89 5
32 91 10
32 92 9
32 96 5
33 38 1
33 43 7
33 46 1
33 52 9
33 53 9
33 54 2
33 62 6
33 65 10
33 66 10
33 70 9
33 75 1
33 76 -3
33 86 5
33 90 10
34 36 6
34 41 8
34 53 10
34 55 5
34 65 5
34 66 7
34 69 -8
34 78 4
34 82 7
34 85 2
34 97 6
34 99 10
35 39 4
35 44 7
35 46 10
35 47 7
35 51 1
35 52 8
35 55 6
35 63 6
35 64 -2
35 67 5
35 74 6
35 81 9
35 92 6
35 93 5
35 94 4
35 95 -10
36 57 4
36 62 8
36 63 4
36 67 5
36 69 5
36 76 8
36 81 7
36 85 -6
36 87 1
36 97 4
36 99 9
37 40 3
37 42 1
37 44 5
37 45 1
37 47 5
37 55 8
37 58 3
37 59 3
37 61 9
37 63 9
37 64 1
37 66 6
37 68 8
37 71 1
37 75 4
37 78 2
37 80 6
37 83 5
37 91 2
37 93 6
37 94 2
37 95 -3
37 96 6
37 99 8
38 39 3
38 47 8
38 55 2
38 71 4
38 73 9
38 81 9
38 85 6
38 94 8
38 95 10
39 43 3
39 47 1
39 48 8
39 49 5
39 53 -6
39 56 4
39 59 5
39 62 9
39 63 7
39 71 4
39 83 2
39 93 1
40 42 10
40 47 4
40 51 8
40 61 6
40 63 3
40 64 4
40 65 -5
40 67 4
40 74 4
40 79 3
40 82 4
40 84 6
40 85 5
40 86 10
40 87 8
40 95 6
41 45 7
41 67 4
41 74 4
41 76 3
41 80 4
41 97 4
42 46 4
42 49 1
42 62 3
42 63 4
42 66 2
42 71 6
42 79 2
42 81 4
42 82 5
42 87 6
42 88 3
42 89 10
42 91 6
43 46 9
43 47 9
43 49 8
43 54 3
43 60 1
43 64 4
43 65 6
43 66 1
43 68 7
43 69 9
43 73 9
43 76 9
43 80 9
43 85 2
43 90 7
44 47 8
44 52 1
44 79 7
44 85 10
44 90 10
44 98 3
45 48 6
45 50 4
45 52 1
45 54 7
45 56 8
45 60 8
45 62 10
45 69 6
45 75 6
45 76 7
45 90 8
45 97 1
46 48 8
46 55 3
46 59 5
46 88 7
46 89 5
47 49 7
47 54 10
47 60 10
47 63 5
47 65 2
47 70 10
47 71 3
47 92 3
48 51 8
48 53 6
48 55 9
48 61 1
48 63 10
48 64 8
48 70 10
48 75 9
48 76 -9
48 83 3
48 89 2
48 91 8
48 93 3
48 95 2
48 99 5
49 50 7
49 53 7
49 61 4
49 69 9
49 76 6
49 77 -3
49 78 10
49 88 4
49 91 9
49 98 3
50 53 10
50 57 9
50 60 2
50 65 10
50 69 9
50 71 -2
50 74 8
50 79 -10
50 90 10
50 94 2
50 96 6
51 57 4
51 58 5
51 68 3
51 74 7
51 79 9
51 84 10
51 85 10
51 86 7
51 88 7
51 93 7
51 99 5
52 59 5
52 60 5
52 71 7
52 73 2
52 80 1
52 87 -8
52 88 3
52 97 2
53 57 1
53 60 10
53 69 9
53 70 3
53 75 2
53 76 5
53 79 7
53 82 10
53 84 7
53 85 9
53 91 4
53 99 9
54 57 2
54 58 7
54 59 3
54 70 -1
54 71 6
54 80 -9
54 82 1
54 83 7
54 98 1
55 57 7
55 62 7
55 68 10
55 75 1
55 76 8
55 78 4
55 85 9
55 87 6
55 91 1
55 93 1
55 95 5
55 96 3
56 61 9
56 75 1
56 77 9
56 78 8
56 89 7
56 91 9
56 96 8
56 99 4
57 65 9
57 67 3
57 71 5
57 72 8
57 75 7
57 79 6
57 84 2
57 85 2
57 89 10
57 92 8
57 95 7
58 61 2
58 64 7
58 69 3
58 73 9
58 76 2
58 79 6
58 81 2
58 85 -1
58 86 7
58 89 7
59 61 5
59 69 1
59 81 2
59 82 6
59 84 2
59 85 9
59 86 4
59 88 1
59 93 1
59 94 3
60 61 1
60 62 8
60 72 7
60 77 8
60 84 10
60 86 6
60 94 6
61 62 6
61 63 5
61 65 7
61 66 7
61 68 1
61 70 4
61 83 -2
61 86 1
62 63 2
62 67 10
62 70 2
62 72 9
62 77 8
62 78 3
62 81 3
62 82 4
62 84 7
62 86 4
62 87 8
62 88 5
62 89 5
62 90 8
62 91 10
62 94 5
62 98 7
63 65 8
63 68 10
63 69 3
63 84 10
63 85 2
63 92 1
63 97 9
64 67 3
64 69 3
64 73 9
64 75 9
64 79 9
64 80 3
64 81 9
64 83 8
64 87 10
64 88 8
64 90 2
65 66 6
65 68 5
65 71 7
65 75 4
65 79 8
65 85 7
65 88 6
65 91 5
65 97 -3
65 98 6
66 67 9
66 73 4
66 74 4
66 78 6
66 85 8
66 94 2
67 70 8
67 71 10
67 77 10
67 81 8
67 83 1
67 86 7
67 89 2
67 91 1
67 98 9
68 78 6
68 84 7
68 88 1
68 91 1
69 71 2
69 84 6
69 86 8
69 92 1
69 95 2
70 89 8
70 94 8
70 95 2
70 96 10
70 99 10
71 73 4
71 87 4
71 92 8
72 76 8
72 78 8
73 74 2
73 75 8
73 81 1
73 89 5
74 77 4
74 85 10
74 88 2
74 90 6
74 91 4
74 96 8
74 99 5
75 76 3
75 87 6
75 90 2
75 97 1
75 99 4
76 77 2
76 87 9
76 93 -5
76 99 5
77 80 10
77 83 6
77 85 4
77 95 3
78 79 2
78 86 7
78 92 2
78 99 3
79 80 2
79 86 9
79 90 7
79 91 7
79 94 4
79 97 1
80 83 10
80 85 4
80 86 3
80 95 10
81 83 -3
81 91 1
81 94 8
81 95 10
81 98 5
81 99 5
82 83 2
82 87 8
82 88 10
82 95 6
82 99 8
83 89 3
83 90 6
83 92 5
84 89 8
84 95 8
85 93 9
86 88 10
86 91 8
86 92 10
86 93 5
86 96 7
87 88 2
87 97 7
87 98 8
88 91 2
88 97 9
89 91 5
89 95 2
90 95 6
90 97 10
91 92 8
91 98 6
92 97 10
93 94 10
93 96 5
93 97 7
94 96 10
94 98 7
97 99 2
100 1050
0 8 4
0 12 1
0 14 1
0 16 4
0 26 1
0 27 1
0 28 5
0 31 -1
0 35 6
0 37 1
0 39 6
0 46 5
0 54 6
0 56 10
0 58 9
0 60 -6
0 63 7
0 64 1
0 74 10
0 79 2
0 82 8
0 87 3
0 89 8
0 99 3
1 2 7
1 15 1
1 28 9
1 34 3
1 37 9
1 42 5
1 43 10
1 48 8
1 52 7
1 53 8
1 56 7
1 59 2
1 62 1
1 65 1
1 70 2
1 72 8
1 73 10
1 82 5
1 89 3
1 97 1
2 5 10
2 11 6
2 13 1
2 16 9
2 21 3
2 22 5
2 25 10
2 35 8
2 39 4
2 53 3
2 55 3
2 56 9
2 59 10
2 62 7
2 77 2
2 88 7
2 95 5
3 4 9
3 9 3
3 16 5
3 20 3
3 26 1
3 33 9
3 44 -6
3 47 -7
3 48 10
3 53 10
3 54 5
3 56 6
3 57 10
3 59 1
3 60 1
3 64 6
3 84 1
3 86 6
3 97 1
4 8 6
4 11 4
4 17 5
4 24 10
4 34 10
4 37 4
4 44 5
4 46 1
4 49 10
4 52 9
4 55 10
4 66 10
4 71 9
4 72 4
4 81 1
4 85 8
4 88 10
5 7 6
5 9 10
5 16 6
5 27 7
5 31 7
5 37 9
5 39 7
5 41 5
5 42 2
5 53 9
5 56 3
5 62 7
5 79 -1
5 80 8
5 81 -4
5 86 7
5 93 10
5 95 2
6 16 3
6 25 9
6 33 6
6 35 10
6 40 8
6 41 7
6 42 9
6 44 4
6 63 2
6 68 7
6 72 10
6 74 5
6 81 10
6 84 5
6 86 8
7 11 9
7 16 8
7 18 7
7 21 10
7 23 2
7 26 5
7 29 3
7 31 5
7 35 8
7 36 9
7 40 8
7 44 3
7 46 3
7 50 3
7 51 6
7 53 5
7 61 1
7 65 7
7 71 4
7 72 3
7 73 5
7 74 7
7 76 2
7 77 5
7 81 9
7 82 -9
7 88 4
7 97 3
7 98 10
8 12 2
8 19 9
8 20 3
8 35 9
8 38 8
8 49 4
8 51 6
8 56 4
8 57 5
8 58 8
8 69 3
8 74 -8
8 77 4
8 81 8
8 88 5
8 89 2
8 93 3
8 94 10
8 95 6
8 97 5
8 98 10
9 11 8
9 12 7
9 17 8
9 22 9
9 24 5
9 33 8
9 37 6
9 38 1
9 46 5
9 47 5
9 55 8
9 57 5
9 59 7
9 60 8
9 74 4
9 75 8
9 81 3
9 83 6
9 96 -6
9 97 1
9 99 1
10 11 4
10 32 7
10 41 7
10 42 9
10 46 4
10 48 3
10 49 2
10 50 3
10 53 7
10 61 4
10 62 7
10 63 -6
10 66 7
10 69 6
10 80 9
10 87 2
10 91 4
10 99 6
11 16 8
11 23 6
11 26 6
11 29 2
11 34 6
11 42 5
11 54 2
11 57 3
11 63 2
11 64 9
11 94 6
11 96 7
12 13 8
12 17 4
12 21 5
12 23 3
12 26 8
12 34 6
12 37 2
12 42 6
12 45 1
12 46 8
12 50 5
12 52 8
12 63 1
12 64 8
12 69 5
12 73 1
12 76 2
12 77 4
12 80 3
12 88 5
12 92 9
12 93 5
12 96 10
13 18 2
13 33 3
13 47 3
13 50 1
13 51 2
13 66 8
13 70 4
13 71 5
13 72 2
13 74 6
13 76 8
13 83 5
13 87 6
13 91 9
13 97 4
14 16 6
14 18 8
14 26 6
14 32 3
14 34 7
14 38 3
14 44 5
14 46 1
14 54 5
14 77 9
14 83 10
14 93 8
14 96 2
14 99 9
15 23 9
15 24 6
15 32 9
15 38 10
15 44 4
15 45 4
15 46 2
15 53 1
15 63 2
15 70 5
15 74 5
15 85 6
15 88 9
15 90 2
15 93 7
15 98 -9
16 28 8
16 32 10
16 35 -2
16 40 1
16 53 7
16 54 2
16 62 6
16 64 5
16 75 7
16 83 8
16 88 2
16 90 2
16 94 2
16 98 6
17 18 4
17 22 4
17 31 6
17 33 2
17 43 5
17 50 6
17 52 6
17 61 9
17 67 1
17 69 3
17 72 6
17 73 1
17 76 1
17 78 5
17 87 10
17 90 3
17 98 7
18 21 10
18 22 8
18 29 7
18 30 9
18 31 10
18 34 4
18 35 4
18 36 4
18 37 9
18 39 4
18 42 8
18 44 1
18 46 8
18 52 3
18 60 1
18 65 10
18 66 6
18 69 7
18 76 9
18 81 9
18 85 4
18 93 9
18 99 5
19 26 6
19 27 1
19 28 -10
19 30 5
19 36 5
19 37 9
19 39 2
19 40 5
19 46 -1
19 54 5
19 61 2
19 63 8
19 67 10
19 90 3
19 98 -9
20 23 5
20 27 4
20 36 2
20 38 4
20 45 4
20 46 6
20 48 1
20 56 8
20 61 9
20 62 5
20 65 9
20 66 10
20 69 7
20 70 5
20 75 7
20 84 8
20 87 -8
20 96 5
20 98 -4
21 25 10
21 35 2
21 36 3
21 37 3
21 51 10
21 52 9
21 57 1
21 58 5
21 66 8
21 73 2
21 77 9
21 79 8
21 82 6
21 83 8
21 86 7
21 88 7
21 92 6
21 94 3
21 95 4
21 97 6
21 98 4
22 29 5
22 38 8
22 39 3
22 42 4
22 45 7
22 50 6
22 53 6
22 55 9
22 59 5
22 66 4
22 69 10
22 71 9
22 72 8
22 81 8
22 93 10
23 31 3
23 34 7
23 41 10
23 46 2
23 48 5
23 51 4
23 59 -2
23 60 5
23 67 4
23 69 8
23 72 1
23 77 3
23 79 -8
23 81 5
23 89 2
24 25 3
24 29 4
24 35 10
24 36 6
24 41 10
24 46 2
24 50 6
24 55 6
24 66 9
24 75 2
24 87 3
24 88 6
24 95 6
25 30 10
25 37 10
25 47 -10
25 48 3
25 53 3
25 55 8
25 56 8
25 59 2
25 60 6
25 61 8
25 73 2
25 81 4
25 97 2
25 99 1
26 33 4
26 37 5
26 38 8
26 43 10
26 46 6
26 48 10
26 63 1
26 67 7
26 79 2
26 86 10
26 87 8
26 91 9
26 92 5
27 38 4
27 40 2
27 42 9
27 47 1
27 48 -10
27 49 9
27 52 6
27 58 10
27 60 6
27 61 3
27 69 3
27 70 4
27 77 3
27 78 -2
27 82 2
27 85 1
27 87 9
27 93 7
27 94 10
27 95 4
28 29 1
28 30 5
28 31 7
28 34 7
28 38 8
28 40 4
28 41 9
28 43 5
28 44 1
28 47 1
28 52 8
28 56 -9
28 57 3
28 59 10
28 64 7
28 66 3
28 67 6
28 72 6
28 74 9
28 93 4
28 94 10
28 95 8
29 32 7
29 33 10
29 34 1
29 35 8
29 37 3
29 38 10
29 42 10
29 49 5
29 57 -4
29 66 2
29 69 5
29 75 5
29 77 3
29 78 6
29 84 -4
29 88 7
30 33 8
30 38 7
30 44 10
30 45 8
30 54 2
30 56 10
30 58 9
30 72 9
30 77 1
30 78 7
30 88 10
30 90 2
30 92 5
30 99 2
31 34 3
31 36 5
31 39 7
31 42 1
31 57 7
31 63 5
31 73 10
31 75 6
31 90 10
31 92 2
31 94 1
32 37 1
32 44 3
32 50 5
32 55 6
32 57 9
32 59 10
32 61 9
32 70 7
32 73 1
32 76 10
32 81 5
32 92 5
32 97 2
33 35 1
33 39 7
33 41 10
33 43 10
33 61 8
33 62 2
33 67 4
33 69 4
33 73 7
33 78 7
33 87 7
33 88 2
33 90 7
33 91 6
33 95 2
33 96 10
33 99 3
34 36 8
34 37 5
34 43 -5
34 45 2
34 49 10
34 52 10
34 53 2
34 59 -6
34 60 6
34 64 10
34 66 2
34 80 3
34 81 8
34 84 8
34 91 6
34 94 3
35 39 4
35 43 9
35 46 1
35 64 5
35 68 10
35 76 9
35 83 2
35 84 -7
35 90 -1
35 93 3
36 42 4
36 44 1
36 48 1
36 50 4
36 52 -1
36 59 8
36 64 8
36 70 10
36 74 8
36 81 7
36 85 1
36 91 5
37 38 9
37 50 8
37 52 1
37 64 4
37 65 -1
37 70 3
37 71 1
37 72 4
37 73 3
37 81 8
37 85 2
37 88 9
37 92 1
37 98 4
38 48 -6
38 49 10
38 51 2
38 53 10
38 55 3
38 65 2
38 71 1
38 74 8
38 78 7
38 81 10
38 82 3
38 83 4
38 84 3
38 90 5
39 41 5
39 43 7
39 48 2
39 50 10
39 51 7
39 52 3
39 66 2
39 68 2
39 74 2
39 78 9
39 79 8
39 82 3
39 83 8
39 85 7
39 95 -5
39 98 3
40 41 7
40 45 2
40 47 4
40 53 6
40 56 -8
40 58 7
40 73 10
40 74 9
40 77 6
40 94 1
40 95 8
41 42 6
41 45 3
41 55 10
41 66 8
41 67 6
41 78 8
41 79 6
42 50 4
42 51 4
42 57 6
42 67 1
42 68 2
42 79 -1
42 81 2
42 85 7
42 86 3
42 89 5
42 92 7
42 95 1
42 98 9
43 44 5
43 47 5
43 48 7
43 53 4
43 60 5
43 65 2
43 68 9
43 73 8
43 77 3
43 80 1
43 81 3
43 82 2
43 85 9
43 86 7
43 89 10
43 92 2
43 94 6
44 52 9
44 74 4
44 80 2
44 87 4
44 93 6
44 96 2
44 97 3
44 99 10
45 47 6
45 53 2
45 55 4
45 65 8
45 67 10
45 68 9
45 69 1
45 70 6
45 92 5
45 93 10
46 49 9
46 50 -6
46 51 9
46 54 9
46 55 3
46 61 8
46 68 6
46 69 6
46 73 9
46 78 6
46 82 6
46 89 6
46 90 10
46 91 5
46 97 4
47 48 10
47 49 5
47 54 3
47 58 8
47 60 7
47 61 2
47 63 2
47 66 9
47 74 7
47 82 2
47 86 1
47 88 3
47 93 6
47 96 1
47 98 1
48 52 2
48 54 2
48 61 5
48 66 7
48 69 5
48 78 2
48 84 6
48 89 4
48 93 4
48 97 5
48 98 8
49 52 5
49 54 2
49 56 5
49 61 3
49 63 -8
49 65 1
49 68 4
49 70 10
49 72 8
49 75 2
49 76 10
49 77 9
49 79 6
49 80 6
49 81 10
49 95 9
50 55 3
50 57 -4
50 67 10
50 85 6
50 86 6
50 87 6
50 91 6
50 95 6
50 97 2
51 53 5
51 56 3
51 57 4
51 60 10
51 61 1
51 67 8
51 69 9
51 75 3
51 79 7
51 81 2
51 83 5
51 85 -8
51 91 7
51 92 10
51 94 -5
51 97 2
52 61 1
52 63 1
52 65 7
52 68 -2
52 70 9
52 71 -3
52 78 1
52 82 8
52 83 9
52 84 7
52 85 6
52 94 4
53 56 1
53 60 2
53 66 9
53 74 4
53 76 8
53 83 3
53 85 10
53 87 3
53 95 6
53 96 -2
53 99 9
54 60 -4
54 65 10
54 67 -5
54 69 5
54 79 4
54 87 5
54 89 -8
54 92 10
54 96 6
55 61 6
55 65 1
55 66 8
55 75 1
55 80 10
55 84 4
55 88 8
55 91 3
55 93 6
55 97 1
56 64 8
56 80 7
56 89 10
56 91 1
56 95 4
56 98 9
57 61 5
57 66 9
57 68 -9
57 73 2
57 74 1
57 77 10
57 78 1
57 85 2
57 92 8
57 96 1
58 66 8
58 71 9
58 83 7
58 90 2
58 92 3
58 93 7
59 61 6
59 62 10
59 64 8
59 68 7
59 73 1
59 98 6
60 61 3
60 74 7
60 76 9
60 78 2
60 82 7
60 86 10
60 95 1
60 96 9
60 97 6
60 98 8
61 67 5
61 71 7
61 77 8
61 89 10
61 94 2
62 65 7
62 70 9
62 72 6
62 78 4
62 92 1
62 97 4
63 65 -1
63 74 2
63 75 2
64 65 4
64 66 6
64 69 6
64 70 8
64 71 3
64 75 1
64 76 3
64 79 3
65 67 2
65 69 5
65 70 7
65 72 9
65 73 3
65 91 1
65 93 7
66 71 4
66 76 5
66 86 10
67 75 7
67 76 9
67 79 6
67 86 2
67 90 1
67 96 3
67 98 4
68 94 5
68 97 7
69 74 1
69 78 1
69 87 5
69 88 7
69 94 10
69 97 6
69 99 9
70 72 6
70 75 7
70 85 3
70 94 2
70 97 2
71 72 2
71 78 8
71 81 1
71 83 5
71 84 9
71 91 -3
71 94 4
71 97 3
71 99 5
72 79 6
72 85 5
72 86 5
72 87 7
72 89 1
72 93 7
72 96 6
72 99 10
73 75 6
73 86 6
73 88 1
73 89 2
73 94 5
73 98 4
74 76 2
74 80 8
74 85 5
74 88 2
74 92 9
74 95 2
74 99 3
75 90 1
75 96 10
75 97 6
75 98 4
76 78 7
76 79 7
76 83 4
76 86 9
76 92 8
76 97 7
77 78 9
77 79 8
77 84 4
77 86 3
77 87 1
77 89 1
78 88 3
79 80 2
79 85 7
79 93 2
79 94 9
79 96 7
79 98 9
80 87 3
80 88 2
80 89 6
80 92 10
80 97 5
81 84 5
81 85 7
81 89 5
81 95 8
82 94 9
83 84 4
83 86 10
83 90 3
84 91 10
84 92 7
84 93 8
84 95 10
84 99 2
85 88 8
85 99 3
86 91 8
86 93 8
86 96 9
86 99 4
87 95 -9
87 96 9
88 99 6
89 96 5
89 99 2
90 96 4
91 92 9
91 96 4
91 98 3
92 93 9
92 94 5
92 95 9
92 97 7
92 98 1
93 95 9
94 96 10
94 98 5
95 99 7
96 99 5
100 1050
0 6 2
0 8 -3
0 13 6
0 19 10
0 20 4
0 23 9
0 32 4
0 34 7
0 36 7
0 39 8
0 56 3
0 59 6
0 66 6
0 70 10
0 74 1
0 87 6
0 91 8
0 92 5
0 95 2
1 4 7
1 8 5
1 9 10
1 12 3
1 25 9
1 29 1
1 30 -4
1 31 5
1 38 5
1 45 4
1 54 7
1 55 5
1 56 1
1 69 9
1 71 10
1 72 4
1 73 7
1 76 8
1 82 4
1 83 8
1 84 2
1 89 7
1 96 4
1 97 10
2 12 10
2 14 10
2 25 1
2 29 2
2 30 10
2 36 4
2 40 9
2 47 5
2 57 1
2 65 7
2 66 4
2 67 2
2 76 7
2 83 7
2 89 7
2 90 8
2 91 7
2 96 10
2 97 5
3 10 5
3 26 1
3 27 10
3 31 10
3 38 5
3 47 6
3 50 5
3 51 8
3 53 10
3 69 3
3 77 5
3 83 9
3 88 -4
3 92 9
3 94 6
3 99 7
4 14 9
4 24 9
4 29 6
4 31 -7
4 32 2
4 36 1
4 37 5
4 43 5
4 59 9
4 63 -8
4 64 3
4 68 2
4 69 5
4 71 6
4 74 7
4 76 7
4 87 1
4 92 8
4 93 9
5 10 1
5 11 1
5 18 6
5 25 3
5 30 2
5 33 9
5 35 1
5 42 10
5 48 6
5 54 2
5 58 9
5 59 2
5 60 3
5 64 5
5 66 9
5 70 7
5 71 4
5 74 6
5 79 3
5 90 7
5 96 3
5 98 6
5 99 5
6 8 9
6 17 10
6 18 3
6 19 6
6 23 1
6 24 8
6 25 2
6 28 8
6 35 4
6 44 1
6 46 -4
6 62 5
6 79 6
6 80 8
6 82 3
6 86 5
7 11 6
7 12 3
7 14 7
7 19 5
7 30 2
7 32 7
7 34 2
7 40 8
7 44 -3
7 57 2
7 64 8
7 68 10
7 72 4
7 78 6
7 79 7
7 81 4
8 12 8
8 13 7
8 22 1
8 26 6
8 29 5
8 32 10
8 34 8
8 36 7
8 41 7
8 50 6
8 54 -1
8 78 4
8 80 6
8 85 10
8 87 8
8 90 1
9 12 3
9 14 3
9 16 5
9 18 10
9 30 10
9 37 5
9 39 8
9 51 4
9 52 9
9 53 2
9 56 9
9 58 6
9 63 7
9 67 10
9 68 1
9 79 3
9 96 1
10 14 4
10 18 3
10 19 2
10 21 -3
10 31 4
10 33 2
10 34 8
10 36 8
10 39 4
10 40 5
10 43 6
10 54 2
10 61 3
10 63 6
10 70 3
10 76 5
10 77 9
10 78 8
10 82 1
10 85 2
10 87 6
10 89 8
10 92 10
10 94 9
10 99 9
11 12 4
11 19 8
11 21 10
11 33 1
11 38 8
11 40 2
11 43 1
11 49 -1
11 54 9
11 57 7
11 60 4
11 61 8
11 63 1
11 68 5
11 69 4
11 72 4
11 74 1
11 76 4
11 77 6
11 81 6
11 82 6
11 83 6
11 86 1
11 87 1
11 92 4
11 95 -5
11 99 1
12 25 5
12 27 5
12 35 5
12 40 -6
12 47 7
12 56 3
12 62 4
12 69 3
12 70 1
12 78 5
12 82 7
12 89 6
12 94 9
12 96 7
12 97 8
13 28 5
13 31 5
13 32 10
13 37 10
13 44 1
13 45 5
13 48 3
13 51 1
13 53 7
13 57 7
13 58 5
13 63 1
13 64 5
13 65 9
13 68 8
13 72 3
13 75 4
13 78 10
13 80 2
13 81 5
13 87 1
13 92 3
13 99 2
14 19 7
14 20 -6
14 22 10
14 28 5
14 49 6
14 63 5
14 64 4
14 69 7
14 79 2
14 88 10
14 96 9
14 99 5
15 21 1
15 22 5
15 30 5
15 36 1
15 40 4
15 44 10
15 45 -2
15 46 2
15 61 2
15 67 -9
15 80 4
15 81 7
15 83 8
15 84 2
15 86 7
15 90 9
15 97 9
16 17 9
16 20 6
16 23 5
16 24 7
16 29 5
16 32 9
16 35 8
16 37 5
16 45 7
16 60 10
16 81 5
16 84 2
16 86 5
17 19 -9
17 25 2
17 35 9
17 36 6
17 40 1
17 45 3
17 47 10
17 51 7
17 54 6
17 56 5
17 57 9
17 59 4
17 60 1
17 69 1
17 70 5
17 71 10
17 78 8
17 90 7
17 93 10
17 99 3
18 20 9
18 21 8
18 23 7
18 29 4
18 31 6
18 36 7
18 39 9
18 50 5
18 51 6
18 53 1
18 54 6
18 55 4
18 61 10
18 63 7
18 68 4
18 71 9
18 75 5
18 83 4
18 85 8
18 88 5
18 89 10
18 98 2
18 99 8
19 23 1
19 45 3
19 46 7
19 52 4
19 53 7
19 59 -2
19 65 4
19 66 1
19 69 8
19 70 5
19 75 8
19 82 4
19 87 -2
19 90 1
19 92 7
19 94 7
19 98 3
20 25 7
20 27 6
20 32 5
20 35 5
20 36 6
20 42 9
20 43 6
20 45 9
20 49 3
20 50 6
20 54 1
20 55 8
20 58 3
20 65 3
20 66 1
20 71 10
20 72 1
20 73 1
20 74 1
20 75 -2
20 77 8
20 79 7
20 80 4
20 85 1
20 89 9
20 92 5
20 93 4
20 95 8
20 98 2
21 23 6
21 24 9
21 28 9
21 31 6
21 36 5
21 40 3
21 62 4
21 64 5
21 67 9
21 79 1
21 80 3
21 88 2
21 90 8
22 30 -4
22 33 7
22 37 3
22 38 1
22 40 10
22 49 2
22 50 5
22 51 3
22 55 3
22 57 10
22 60 10
22 63 10
22 65 2
22 66 -4
22 70 8
22 71 7
22 75 6
22 76 10
22 77 4
22 83 9
22 87 5
22 90 5
22 94 8
22 97 -8
23 32 -10
23 36 5
23 44 4
23 45 6
23 46 10
23 47 1
23 62 -10
23 65 3
23 68 8
23 75 2
23 83 3
23 88 1
23 97 10
24 28 7
24 39 -8
24 43 9
24 44 -7
24 46 9
24 53 10
24 56 7
24 59 9
24 65 3
24 68 9
24 73 1
24 74 10
24 75 7
24 88 9
24 96 2
25 26 3
25 30 3
25 31 6
25 32 2
25 35 -8
25 40 7
25 45 7
25 48 4
25 52 -8
25 55 4
25 57 3
25 62 4
25 64 3
25 68 6
25 77 10
25 86 7
25 93 6
25 96 7
26 28 3
26 37 4
26 39 5
26 42 7
26 50 8
26 56 10
26 58 7
26 64 6
26 65 10
26 67 9
26 71 7
26 75 10
26 77 9
26 87 5
26 93 9
26 96 2
27 28 6
27 35 3
27 38 4
27 40 1
27 49 7
27 63 10
27 67 1
27 71 7
27 84 -1
27 95 5
27 98 1
28 34 3
28 39 6
28 44 3
28 51 7
28 58 5
28 60 3
28 62 8
28 64 9
28 65 6
28 71 9
28 73 8
28 75 5
28 76 5
28 79 4
28 81 5
28 85 6
28 93 5
29 31 10
29 32 1
29 36 1
29 42 7
29 47 1
29 53 -9
29 55 4
29 60 6
29 62 6
29 63 10
29 64 8
29 65 4
29 66 9
29 68 7
29 76 2
29 81 10
29 82 7
29 91 5
29 92 5
29 93 1
30 33 10
30 38 4
30 39 9
30 48 10
30 60 9
30 71 2
30 74 8
30 75 10
30 81 6
30 82 3
30 88 8
30 96 7
31 40 6
31 44 9
31 49 1
31 52 1
31 58 8
31 59 5
31 63 3
31 66 2
31 72 8
31 74 8
31 86 6
31 92 5
31 96 3
31 99 9
32 33 -3
32 37 9
32 38 8
32 53 2
32 61 1
32 64 6
32 66 -4
32 67 9
32 69 1
32 85 5
32 91 4
32 93 7
32 95 10
32 96 -9
33 36 2
33 38 4
33 43 4
33 54 9
33 58 5
33 60 6
33 61 2
33 69 3
33 76 7
33 79 10
33 85 3
33 93 1
34 36 5
34 38 5
34 39 9
34 47 9
34 52 5
34 63 8
34 70 6
34 71 10
34 86 4
34 87 -2
34 89 7
34 91 1
34 92 10
34 94 5
34 96 1
35 36 5
35 38 10
35 39 5
35 41 2
35 44 7
35 52 9
35 67 8
35 69 2
35 71 7
35 74 3
35 79 -7
35 80 9
35 81 5
35 82 3
35 86 8
35 90 6
35 93 6
36 40 7
36 43 10
36 45 8
36 49 8
36 56 3
36 57 7
36 62 9
36 64 4
36 79 6
36 81 6
36 86 2
36 87 10
36 89 10
36 90 10
37 42 8
37 64 5
37 72 3
37 84 7
37 88 1
37 96 6
38 45 1
38 46 5
38 50 8
38 53 10
38 54 4
38 56 4
38 61 9
38 65 6
38 66 1
38 70 1
38 75 8
38 85 8
38 86 3
38 98 3
39 52 7
39 53 8
39 54 3
39 56 9
39 60 3
39 61 3
39 63 2
39 68 8
39 70 2
39 82 4
39 83 10
39 88 5
39 95 7
40 41 10
40 43 10
40 52 2
40 56 7
40 58 4
40 61 2
40 71 10
40 73 9
40 75 1
40 78 6
40 87 2
40 92 10
40 93 5
40 96 5
40 99 9
41 50 1
41 54 5
41 55 6
41 62 7
41 63 5
41 67 5
41 69 5
41 85 9
41 88 8
41 89 3
41 95 5
41 96 4
42 48 2
42 55 4
42 57 10
42 60 3
42 62 4
42 63 9
42 72 1
42 74 1
42 75 2
42 76 10
42 87 10
42 97 9
43 46 10
43 47 6
43 48 6
43 57 8
43 64 7
43 68 8
43 72 1
43 76 6
43 77 10
43 80 3
43 84 10
43 97 2
43 99 3
44 50 2
44 64 2
44 66 2
44 71 8
44 77 9
44 80 6
44 82 6
44 86 7
44 87 6
44 89 3
44 90 8
44 97 5
45 48 6
45 61 5
45 62 7
45 65 9
45 66 1
45 73 10
45 74 3
45 75 10
45 85 7
45 86 1
45 94 7
46 52 3
46 58 2
46 62 3
46 64 10
46 65 1
46 71 8
46 76 8
46 77 2
46 85 5
46 89 10
46 97 6
46 99 6
47 49 6
47 74 1
47 76 9
47 81 1
47 84 3
47 87 8
47 89 8
47 99 8
48 55 6
48 58 9
48 67 3
48 79 3
48 81 -3
48 90 7
48 98 9
49 51 3
49 68 3
49 75 -3
49 76 6
49 77 3
49 81 6
49 97 8
50 55 2
50 61 8
50 62 1
50 65 9
50 67 6
50 68 10
50 70 7
50 72 2
50 73 6
50 76 5
50 82 1
50 86 6
50 98 8
51 52 5
51 54 2
51 56 1
51 59 1
51 71 4
51 72 9
51 75 4
51 76 10
51 79 -5
51 84 5
51 86 8
51 95 2
51 96 2
52 54 9
52 55 -8
52 68 4
52 69 4
52 72 10
52 75 6
52 80 9
52 84 2
52 86 1
52 89 8
52 93 3
52 94 1
53 54 6
53 55 1
53 57 1
53 60 5
53 65 4
53 68 4
53 70 10
53 71 1
53 72 9
53 73 6
53 76 3
53 80 5
53 82 3
53 86 4
53 90 2
53 92 6
53 99 8
54 57 7
54 63 9
54 66 7
54 68 4
54 69 1
54 71 4
54 80 5
54 88 9
54 96 9
54 99 4
55 60 3
55 63 2
55 65 10
55 83 7
55 90 5
56 57 2
56 64 7
56 66 1
56 67 10
56 70 6
56 79 2
56 81 10
56 86 7
56 89 6
56 90 9
56 92 9
56 97 5
57 59 9
57 77 8
57 82 4
57 83 8
57 85 8
57 88 -7
57 92 7
57 93 4
57 94 9
57 96 8
58 62 8
58 69 2
58 72 7
58 86 2
58 89 5
58 95 1
58 98 4
59 65 5
59 66 -10
59 67 9
59 68 3
59 70 6
59 79 1
59 85 3
59 87 6
59 90 3
59 94 9
59 98 6
60 64 7
60 69 10
60 71 1
60 81 6
60 83 9
60 85 2
60 88 4
60 97 1
61 72 4
61 79 7
61 85 1
61 87 4
61 89 6
62 65 10
62 77 10
62 84 9
62 86 2
62 92 4
62 96 8
63 64 9
63 67 8
63 68 4
63 72 6
63 78 1
63 95 2
64 67 3
64 76 7
64 79 6
65 72 5
65 78 9
65 79 3
65 83 2
65 84 8
65 86 6
65 94 2
66 73 1
66 75 3
66 81 5
66 82 9
66 87 7
66 93 1
67 69 4
67 74 1
67 76 6
67 82 10
67 83 7
67 86 9
67 90 8
67 98 -4
68 74 5
68 84 3
68 89 2
68 92 5
69 72 2
69 88 10
69 93 1
69 98 9
70 75 4
70 80 6
70 81 1
70 87 -1
70 90 10
71 73 -1
71 74 1
71 77 10
71 80 10
71 85 7
71 86 1
71 93 2
71 95 8
71 99 10
72 73 3
72 79 5
72 85 7
72 91 3
72 94 8
73 75 4
73 92 8
74 78 7
74 81 5
74 86 3
74 89 8
74 94 2
75 77 7
75 80 10
75 83 -5
75 88 -6
75 94 8
75 99 7
76 77 2
76 80 -1
76 81 2
76 90 3
76 93 9
77 78 9
77 80 2
77 87 1
77 94 2
77 97 4
78 81 2
78 82 4
78 86 7
78 90 8
78 92 3
78 93 10
78 94 5
78 96 2
79 83 10
79 96 -9
80 83 7
80 84 2
80 97 -5
80 99 10
81 83 3
81 91 2
81 93 4
81 99 6
82 83 2
82 98 7
83 84 9
83 85 2
83 86 3
83 95 9
83 96 1
84 89 9
84 98 4
85 87 8
86 97 2
87 89 4
87 91 10
87 96 2
88 91 2
88 95 10
88 96 2
88 97 -1
89 90 3
90 91 9
90 94 3
90 97 4
91 95 10
92 96 4
92 98 9
93 94 9
93 96 8
94 98 6
94 99 6
96 99 6
