0 I I 7 I I 15 I I 17 18 I I I 25 26 19 26 2 I 20 8 17 11 19 21 4 13 4 10 8 6 10 21 3 9 7 3 1 7 9 11 1 9 19 9 1 6 4 8 6 8 9 -1 6 11 3 -6 6 2 1 4 7 -3 2 2 4 4 -3 2 9 2 3 2 4 -4 0 4 -1 -1 2 -7 7 6 1 1 3 2 1 3 3 -7 3 -5 -2 -4 -2 -2 2 -5 
0 9 6 14 I 20 27 I 8 I 10 I I 10 15 19 I 3 10 8 12 27 11 18 14 2 6 11 4 3 12 11 7 7 10 12 -6 10 3 2 4 10 -2 5 2 8 3 5 6 11 7 4 4 7 2 1 -1 4 6 1 3 3 4 3 1 4 7 -2 0 -5 5 6 -5 -4 0 0 0 3 -2 -2 0 0 -5 1 -2 6 -4 -9 1 2 -3 -4 -4 -5 -6 -2 -7 -3 -2 -1 
0 5 I 4 7 10 9 8 9 14 21 8 11 3 10 10 -5 3 I 11 -1 5 9 -14 1 3 -6 6 0 -4 9 -8 -2 6 -8 -8 -4 1 -1 2 -6 -16 1 -11 -2 -2 2 -1 -2 -1 -4 -7 -15 -1 -2 -4 -9 -5 -14 4 -4 -4 -12 -13 -12 -10 -13 -11 -8 -10 -13 -12 -13 -15 -10 -11 -14 -8 -23 -9 -8 -9 -18 -13 -24 -29 -25 -11 -20 -17 -24 -9 -18 -15 -21 -20 -19 -36 -20 -19 
0 I I I 3 12 10 11 I 8 18 5 -2 6 12 I 6 11 13 12 -1 I 7 10 1 12 2 -11 14 6 11 -1 3 -6 -7 3 -8 -7 8 -2 -4 1 -9 -4 -14 -5 -5 -1 -2 -6 -6 0 -8 -7 -8 3 -1 -5 -7 -7 -13 -22 -4 -10 -12 -15 -18 -11 -2 -6 -16 -18 -19 -25 -19 -6 -19 -17 -21 -17 -16 -21 -23 -21 -19 -18 -14 -20 -21 -21 -20 -20 -24 -15 -16 -14 -21 -17 -25 -28 
0 I I I 6 I I I 16 I 13 I 18 4 7 I 7 12 9 I 3 12 6 12 17 7 2 7 11 10 -3 13 6 -1 8 7 4 -6 4 3 11 5 -3 7 5 -13 8 -5 6 -2 -2 -3 1 -9 -1 -11 1 -1 -3 -1 -9 -16 -6 -11 -9 -9 -13 -9 -10 -2 1 -7 -6 -5 -8 -10 -8 -4 -3 -7 -15 -9 -4 -16 -4 -12 -8 -11 -5 -21 -7 -12 -8 -20 -19 -14 -4 -12 -12 -14 
0 I I I I I 9 15 22 I 5 I 4 I 12 11 18 13 13 I 5 2 18 7 14 7 15 16 14 10 10 9 8 16 9 11 11 8 7 0 8 10 12 1 14 4 3 5 9 10 11 5 8 7 12 13 9 6 8 5 -2 12 11 -4 9 1 -3 -1 -1 -1 -9 -5 -3 1 1 0 0 -9 -2 -1 -6 -3 -2 3 1 -2 -2 -1 -7 -6 -5 -2 -5 -4 -5 -3 -4 -2 -2 -10 
0 I I 10 I I I 5 4 I 9 17 10 17 14 19 I 9 10 19 12 14 I 8 10 10 11 3 11 -7 5 0 7 11 -4 7 -1 6 8 3 11 9 8 13 -1 -2 7 0 2 0 6 7 3 -1 -5 1 0 6 8 -1 5 6 2 -3 -2 4 -1 -1 1 -10 3 -5 5 -5 -5 4 1 -8 -5 -1 -7 -3 -3 -4 0 -3 -6 -1 -5 -4 -4 -6 -3 -4 -2 -5 -3 1 -3 -3 
0 I I I I I I I 3 I 3 4 6 I I I I 1 5 6 4 5 6 6 10 8 8 9 7 6 -7 5 7 9 5 4 -5 6 4 7 9 13 4 2 7 2 2 7 0 5 0 3 3 1 2 1 8 -1 -1 5 2 0 3 -1 -1 4 3 0 -5 -3 -2 -2 -2 2 4 2 -9 -7 -7 -10 -8 -2 2 -5 1 -11 -5 -5 -4 -2 -3 -4 -5 -14 -6 -6 -9 -9 1 -7 
0 I I I I I I I 4 I I I 1 9 1 I 4 5 9 13 7 6 9 4 I 16 1 1 3 4 8 -1 4 5 2 2 4 1 4 6 3 10 0 -3 2 2 2 2 -9 7 -4 4 -7 1 -7 -1 -6 -8 9 -4 -11 -8 6 -6 1 -7 -2 -12 -17 -4 0 -10 -8 -6 -7 -5 -5 0 -9 -6 -4 -9 -4 -5 -5 -6 -10 -2 -6 -15 -11 -13 -4 -5 -12 -11 -10 -10 -10 -13 
0 I I I I I 2 I -3 I I I 5 4 I I I 12 5 3 4 13 -2 3 10 4 3 10 6 2 -6 9 -7 -10 5 -4 -8 1 -6 1 -1 -2 9 -6 3 -5 -2 0 0 0 -1 1 -4 -7 -4 -12 -5 -6 -5 1 -9 -8 -7 -10 -4 -3 -11 -2 -6 -7 -5 -8 -5 -10 -7 -8 -4 -2 -9 -11 -5 -7 -5 -13 -4 -11 -10 -6 -14 -4 -7 -12 -6 -10 -5 -8 -20 -15 -6 -14 
