NC
NC
NC
NC
NC
NC
0 I I I I I I I I I I I I I I I I I I I I I I I I I I I I I I I I I I I I I I I I I I I I I I I I I I I I 5 I I I I I I I I I I I I I I I I I I I I I I I I I I I I I I 7 I I I I I I I I I I I 7 I I 12 21 I I I I 27 I I I 13 I I I I I I I I I I I I I I I 27 37 I I 36 I I I I 9 3 I I I I I 37 I I I I I I I 30 I 6 14 12 I I I 40 15 42 I I 14 I I I 10 I I I I 11 13 8 I I 16 I 18 I 25 I 18 33 41 12 I I I 4 I I 11 I I 10 12 16 6 8 18 I I I 31 I 40 1 15 16 I I I 5 I 20 18 39 11 I 16 I 10 I I 25 I 12 I 3 I 10 23 18 26 23 28 6 14 14 4 1 I 11 I 8 I 14 7 15 I 13 12 17 I 17 2 I 18 I 3 I 13 16 13 I 14 15 20 19 10 19 17 23 4 5 18 37 10 I 24 I 29 2 15 11 12 21 6 5 7 17 I 14 12 5 23 21 8 13 5 I 12 7 14 19 11 26 7 I 16 14 17 11 6 14 13 16 12 11 31 2 18 13 5 9 11 18 13 14 15 18 47 20 8 0 24 12 20 14 19 8 9 9 13 15 9 24 15 18 16 25 8 10 10 7 25 12 14 15 23 17 17 12 10 2 6 17 8 17 11 7 15 8 18 9 20 17 15 19 9 6 10 12 12 16 9 13 8 15 9 13 18 10 15 12 10 19 14 7 9 19 8 21 20 I 6 I 3 12 11 15 14 17 18 9 8 9 11 11 10 7 9 12 8 16 11 15 11 12 11 11 8 12 13 10 6 8 -8 14 6 14 15 18 14 18 9 13 8 11 16 8 11 14 6 7 6 13 9 5 16 12 11 14 19 8 12 2 14 10 4 10 12 10 16 9 -1 8 6 8 I 11 9 8 6 15 6 7 11 17 10 17 14 13 21 3 10 12 10 12 -7 8 2 9 7 5 8 15 13 6 8 13 12 7 15 -3 13 11 10 8 6 9 15 2 10 7 14 12 12 8 12 0 9 16 13 7 15 9 5 12 13 1 3 22 9 14 12 10 6 14 17 7 17 12 1 12 6 13 8 10 9 12 1 9 7 6 9 2 4 8 11 10 14 4 19 13 9 15 7 11 3 13 14 11 15 9 8 12 9 10 9 5 11 7 -5 11 -1 10 9 17 10 12 14 7 6 10 12 19 2 15 3 10 3 -1 13 12 3 11 11 6 -1 8 5 1 2 4 9 7 6 11 8 6 5 11 9 -4 6 11 1 12 6 5 6 2 5 12 4 8 11 7 11 -1 11 6 8 5 6 10 1 12 9 8 5 9 9 12 11 11 8 9 10 7 7 9 8 7 10 6 10 9 8 0 4 8 9 6 11 -2 4 8 6 12 8 6 8 4 3 7 3 9 8 6 14 13 6 12 7 9 5 11 8 6 4 7 9 7 4 5 5 11 11 3 4 5 -1 11 8 3 5 10 10 6 6 10 9 2 8 11 10 11 7 -2 7 -4 10 7 1 7 12 4 7 3 8 7 7 9 3 0 7 5 11 11 8 7 5 8 2 8 10 3 -3 4 6 10 8 4 2 7 8 11 9 4 5 8 1 0 8 8 4 2 8 7 6 10 1 13 5 4 6 3 0 10 7 10 2 3 5 14 9 -1 9 9 9 5 8 -5 10 13 7 5 2 5 10 4 6 8 2 5 8 7 8 10 3 8 6 13 4 2 9 9 0 6 3 4 9 7 9 9 10 7 8 -4 13 10 6 4 9 0 4 5 4 4 5 4 11 8 -4 5 3 5 0 11 9 3 -1 -1 6 6 3 7 6 8 3 9 3 -4 -2 11 7 7 0 6 1 7 9 8 9 8 12 7 3 6 5 0 0 6 3 3 10 4 8 6 7 5 7 6 10 5 6 2 2 9 5 4 9 9 7 7 4 8 15 11 4 1 4 8 8 2 7 10 6 4 10 9 5 2 7 -3 1 2 -2 2 -2 5 8 9 9 5 1 -1 6 -1 2 8 1 2 4 4 4 8 8 1 5 6 2 3 -2 0 0 2 2 5 6 4 4 4 11 6 3 9 7 0 2 1 -4 5 6 -4 4 6 
NC
0 I I I I I 5 I I I I I I I I I I I I I I I I I I I I I I I I I I I I I I 3 I 4 11 I I I I I I I I I I I I 9 I I 9 I I 15 I I I I I I I I I I I 13 I I I I I 18 I I I 21 I I I I I I I I I I 21 I I 18 I I I I I I I I 19 I 17 16 I I I I I I I 19 14 I I I 27 25 37 I I 13 20 I 20 I 26 17 I 32 21 I 16 11 I 16 19 25 I 22 10 I 13 I I 10 5 10 18 18 I 23 24 I 14 18 I I 19 I 28 26 26 12 19 I I 28 I I I 26 23 I I 20 19 25 25 20 I 23 34 30 I I 15 21 2 6 22 11 19 10 26 24 27 9 23 28 I 13 37 5 6 27 13 14 32 I 11 13 27 I 28 17 7 32 9 7 13 23 I 20 20 9 23 15 17 8 18 6 26 I 26 23 10 11 23 I 17 33 27 17 I 23 25 17 26 25 16 35 23 23 11 13 9 19 18 I 17 I 14 10 26 20 37 16 23 13 26 16 29 12 27 17 29 19 18 20 I 27 16 8 I 18 27 18 18 20 32 18 22 6 13 18 7 17 25 11 20 19 6 12 7 16 19 I 14 23 18 12 4 16 22 9 17 10 16 11 7 8 15 24 19 25 15 21 11 32 9 17 16 21 5 11 18 18 11 14 7 19 22 17 29 13 7 15 3 14 13 20 20 19 13 21 7 13 I 11 21 6 13 6 18 19 9 14 20 8 7 20 17 23 14 4 42 17 13 18 20 21 15 11 12 13 13 6 6 18 11 8 13 8 13 19 6 11 15 16 15 9 11 13 14 16 12 27 12 22 12 12 14 13 14 9 12 24 13 28 23 8 13 15 19 13 24 16 13 21 16 10 16 7 10 9 10 17 8 5 14 17 12 20 8 14 12 7 15 22 9 11 10 10 14 9 14 16 10 9 10 14 14 12 21 4 8 12 17 I 14 14 17 7 4 13 15 14 6 18 10 10 4 17 10 16 11 6 11 8 13 22 9 7 9 22 7 16 12 16 34 10 13 8 19 10 11 2 10 15 9 22 17 16 10 11 7 4 6 9 10 13 15 11 12 4 16 9 6 11 13 11 13 16 15 8 13 12 13 6 9 12 11 14 11 8 7 5 12 13 12 13 13 1 8 9 12 2 27 8 9 16 15 12 17 6 7 10 9 13 12 7 17 15 11 9 20 6 2 8 11 12 13 10 8 5 13 13 9 10 8 12 8 9 12 9 11 12 10 7 15 4 5 8 12 1 8 10 9 13 13 9 14 13 10 11 8 10 13 8 14 8 13 10 12 13 10 14 7 13 7 9 12 7 12 16 11 8 4 10 10 10 4 9 8 14 13 11 7 11 10 10 11 11 12 8 8 15 10 4 3 11 10 8 7 6 10 15 8 17 13 5 13 6 8 12 8 8 8 9 9 10 13 12 13 11 11 11 10 8 10 14 11 15 11 14 10 11 4 11 8 12 7 9 13 10 9 7 12 8 5 9 11 7 11 12 5 9 10 16 8 12 14 15 13 12 15 9 8 13 12 9 7 13 10 7 11 6 9 12 19 8 7 13 8 10 4 9 6 5 7 11 8 11 6 14 10 10 13 10 9 17 2 12 14 11 15 0 8 13 13 2 12 11 10 11 5 13 12 9 13 15 8 11 9 10 7 9 9 12 5 14 8 11 12 8 8 17 10 9 10 14 10 9 10 17 8 6 9 10 9 15 12 6 6 8 9 11 6 6 8 10 8 10 10 12 10 8 8 10 7 13 5 11 11 8 6 10 9 6 9 7 9 7 7 8 12 10 6 3 5 6 7 3 13 10 7 6 9 10 2 11 9 8 9 13 3 8 1 5 3 11 8 14 12 11 11 9 10 6 10 8 6 12 8 5 12 4 8 7 9 11 5 8 8 8 10 10 11 5 9 13 8 1 10 10 8 6 0 11 7 12 7 8 8 3 7 10 8 7 8 6 7 9 6 8 14 9 13 8 7 11 6 8 9 12 8 12 4 9 8 7 1 6 10 6 9 10 2 6 10 6 4 8 12 7 7 9 10 14 4 1 7 8 9 10 8 8 7 12 7 8 5 2 10 5 7 -2 3 9 6 9 3 7 7 6 11 9 12 9 2 6 8 11 10 7 
NC
